Bcell	CD4T	CD8T	Eos	Mono	Neu	NK
cg02665297	0.058010970580396	0.94884677903329	0.946444328689774	0.950012018019342	0.951546720987683	0.951460297858721	0.943546289709206
cg15035590	0.0921631037684701	0.928285197532737	0.928342119138293	0.932230327560794	0.929353286565736	0.930844383313838	0.927521404203332
cg27106643	0.0879621973360027	0.929875633524783	0.924997715016446	0.934095708087266	0.927122903119479	0.932976505921223	0.909620435433789
cg01024458	0.060414495333025	0.921613422740079	0.916883321736661	0.944840723362034	0.939652416149385	0.942696700371236	0.919615394010314
cg11661493	0.0654550197566135	0.918486593964383	0.914528493169628	0.916982502711221	0.915767466855653	0.913567738102349	0.909962027946175
cg21596498	0.0822879758774145	0.942136496123821	0.944100678389788	0.940717610399491	0.94011541407792	0.934287145720006	0.936460530866271
cg12976793	0.121510774871396	0.929432998087802	0.931012841283615	0.936500141578686	0.940879413753621	0.933457674917889	0.929449049479421
cg13915752	0.104417639130537	0.918813155788837	0.908630198274232	0.88400721402048	0.903630964916707	0.907178664996928	0.914849242607274
cg17232476	0.0695043127758867	0.926417427392399	0.923988028010388	0.9380927628741	0.910982460776675	0.940091084306682	0.925243186587723
cg06889975	0.0921698849847027	0.937512000016383	0.930941208530329	0.904798210985212	0.924723116271761	0.911095613929786	0.924082520694459
cg14936008	0.0858878732084095	0.933176392413828	0.938805581623313	0.94185324612859	0.937443504776443	0.93770635258117	0.93316223217352
cg05579731	0.079974453350431	0.898655883827434	0.897083156117878	0.908319512729707	0.913409857784414	0.908193198367674	0.891013615103022
cg25838060	0.120165488005167	0.919203144661564	0.931965819526594	0.942807512708422	0.842463536116442	0.935367765431637	0.913401718850768
cg25131632	0.0484596170974772	0.946831697173128	0.925793816082613	0.961977058456053	0.959048410068865	0.958460673583512	0.917530517216969
cg02582213	0.122530986033353	0.923419111288339	0.924421440663227	0.934506117227177	0.924664855637808	0.931981903771735	0.919024409605155
cg15287850	0.0808220517593979	0.90867379711114	0.902864146953214	0.877071454314037	0.903615171153294	0.893628648406388	0.896758851931532
cg26946905	0.231669436164245	0.92341366186954	0.92777346776307	0.93723227885512	0.925058701260511	0.930932456489616	0.930577051201625
cg07721872	0.0738786621450495	0.948488488113824	0.958112359100898	0.968869470511965	0.959047757927781	0.962968476375929	0.954012028677883
cg26810157	0.0930871336335616	0.898773029922988	0.881379123546407	0.838517367086438	0.89185318515813	0.872564764312888	0.852575108230363
cg05205074	0.0760370829109778	0.927119126610794	0.928246573139986	0.951275110399201	0.939545405825091	0.944120720634361	0.918847984764328
cg04838847	0.147780234871766	0.978082355557345	0.978712154443688	0.978873267980621	0.976309595395477	0.976527468691873	0.97531310331456
cg00867406	0.229328612557134	0.977194208881118	0.97172982859492	0.981199672494275	0.977542497849608	0.978662441570662	0.966565669098568
cg07841371	0.176334387528377	0.947783445206596	0.941132932885934	0.956003361889817	0.943903607174045	0.947515541344523	0.937114158723174
cg21743182	0.077363815488688	0.914080493189503	0.921109367894143	0.921931990497171	0.921468586519716	0.923085478826495	0.903683725626678
cg17812123	0.208391027454358	0.939371123052746	0.940106813401316	0.953041791503768	0.946520784126925	0.945985573263188	0.93697141691236
cg23730277	0.132141239781148	0.916285982432006	0.907638607018476	0.903908020113963	0.916271390273574	0.902709552821386	0.896073573594485
cg18250453	0.0922234482223259	0.924579094565563	0.913397115970439	0.91320148732066	0.931698179091449	0.925784237766042	0.904052125103799
cg26552743	0.0690745564029386	0.922770661165761	0.929267004842211	0.890646125309411	0.911803989848007	0.899032350420951	0.900436437245688
cg20452738	0.155694298356562	0.929050353787233	0.926809529233578	0.927184055880451	0.927298158768953	0.91760311170038	0.923074390782712
cg25683989	0.083015192168959	0.920020120685167	0.919709066516733	0.827228019275984	0.916488051830976	0.906072173374001	0.914998151719549
cg20602300	0.110487726579358	0.943931699891648	0.94296263541857	0.948184087443196	0.945738453269954	0.94126234582756	0.937884288879015
cg13738327	0.0856012067273499	0.971456405145888	0.940661612318176	0.979024236681737	0.974549623978463	0.972998868564808	0.920273465456773
cg15532942	0.0943963076493552	0.914387581947723	0.904035195393437	0.93663057368571	0.935588694038096	0.923472454969786	0.888761075055149
cg17622855	0.157216721116951	0.901982634060719	0.918451897254018	0.912150527734415	0.915516623788124	0.915882912339562	0.914640645131218
cg14331899	0.150558542652607	0.964097963243956	0.963533985463472	0.952428260374291	0.938819541403655	0.956026107435661	0.95541003715921
cg09469986	0.10344618821082	0.913700702883298	0.898656154560547	0.921412674643756	0.91764203600979	0.923185981034413	0.885309191799322
cg24466100	0.0770553185060597	0.871623548880499	0.869012875298978	0.893239895423712	0.882476289755335	0.887776254910059	0.876773781679438
cg03980424	0.126260881432309	0.903312936536694	0.94611705537277	0.945183408633038	0.936922638859863	0.945034160965749	0.934315850180779
cg03402235	0.106903937152212	0.926536641717595	0.931655063110016	0.890552245967974	0.92479858508967	0.897883159490171	0.923702818268315
cg24777505	0.218704628622178	0.908769579569426	0.919564522589765	0.91424832971148	0.912454138423097	0.91116970085041	0.912384891052515
cg26795340	0.0820465422547004	0.901113443783384	0.88681030612176	0.870946439898439	0.880771064051633	0.879484662454169	0.874393035681713
cg27565966	0.0906069867138125	0.925824600795722	0.913326692351094	0.923205510126861	0.918828053009619	0.908797836306253	0.904023511959656
cg00760938	0.0798207020683464	0.92252934009536	0.909442052390437	0.930909841811268	0.920822513900658	0.912705331517961	0.877831591725949
cg12604490	0.0948808088431332	0.875882684724611	0.86981910829313	0.870003482305082	0.884169234741854	0.872888119997259	0.866832657944661
cg00178728	0.144629515066483	0.878538087854068	0.880754197819053	0.875951288095956	0.862334871313908	0.867649304705132	0.882628186436722
cg19488149	0.229159582026904	0.885984999651791	0.876922311703352	0.87772143331924	0.88238196891552	0.871365071266075	0.873263488136104
cg04828493	0.0804420997494189	0.949022178633187	0.953226097484513	0.959745092919533	0.917969651039775	0.958203443885939	0.910033513210884
cg11160673	0.113813637020693	0.884731320636222	0.891932893874834	0.87159368172124	0.714090635659672	0.872713622083897	0.864560015574466
cg16185947	0.0905867278367498	0.925086707484179	0.906825539251424	0.811408571685083	0.913950886710132	0.871761488936099	0.903302981662555
cg10067737	0.443434431314255	0.950923794933943	0.943627280142929	0.951226114065377	0.948705850504666	0.951176398684846	0.939337926882385
cg08560387	0.633746346532194	0.0319495720114383	0.0320698231485513	0.0271330473791588	0.0357266177611678	0.0332789693529562	0.0418036700516599
cg15906007	0.817432289099106	0.109287015606337	0.0821196894033252	0.0787398744719737	0.285005030623228	0.0799058717048638	0.0767012563393953
cg23792308	0.736352015583831	0.062485402799015	0.0797803167541475	0.056670010011041	0.228492208766614	0.0587287941656167	0.0901358368045079
cg10057264	0.709935509903694	0.079224039630647	0.167582486752353	0.0777705244480512	0.128272317443573	0.0775744585060253	0.165207856902704
cg07725527	0.793602335534196	0.111577241617171	0.109380275061404	0.109331233365232	0.144339520082346	0.108572146384778	0.135160588648634
cg09300089	0.856010040759108	0.438879261094216	0.188958885882248	0.0372633817614921	0.0475897986711794	0.0426144323351798	0.0878624164830685
cg23357708	0.863541258045675	0.205293311248957	0.219376862352331	0.0464232323823653	0.0503433830096389	0.0602241554162257	0.194203334695239
cg18081760	0.625362191916735	0.236132844013062	0.0840107072633635	0.070909980011566	0.0593162170630642	0.0503243695852646	0.0945953639534541
cg16536330	0.358138789092255	0.0493645466035359	0.050489832468222	0.0643498242070402	0.143654968846574	0.0810431914288059	0.06966786140168
cg00458681	0.770851419068537	0.0931886196182665	0.0899858481090259	0.0695256997955357	0.399307072085961	0.137239605218712	0.172714412440746
cg08601457	0.449544669621803	0.0540274219105322	0.03500096191069	0.17606069998693	0.0975304289190512	0.0977226975732806	0.042476712774521
cg00058449	0.917745020709576	0.521419698535541	0.0920427982818567	0.0917462202591665	0.222639405874075	0.116433367243378	0.0532386855564781
cg23551494	0.546711153352522	0.0725158948679371	0.0752649976507687	0.0705484485159961	0.0688264167251301	0.064613695178473	0.107732324372255
cg09121680	0.568670806295185	0.161810143739904	0.165372108097662	0.0310567048112249	0.0752404259623602	0.0347367388393184	0.0669652895273682
cg25013586	0.796407078523815	0.572403270911772	0.46091159084095	0.505159053159585	0.559934986808042	0.511209456854945	0.389715805274731
cg08869273	0.326462403825189	0.0654842183401285	0.0519796600476824	0.162302731166286	0.0894322274855775	0.120632826041379	0.0594088855156033
cg22437221	0.895544565843481	0.119045969293199	0.105505015873676	0.0478690994745645	0.600577113465484	0.121657148003297	0.450067074829672
cg07167594	0.589353369807027	0.0567756583713884	0.0505452450083644	0.0496954425096496	0.273530581634827	0.142804945815404	0.0881922301137853
cg14284211	0.705236287034556	0.171845581423295	0.207276611714796	0.0316389385230801	0.0373477050360832	0.0449911196709955	0.377851219959101
cg07635227	0.867994864721265	0.047778014101309	0.118644427822708	0.0182788550210926	0.0187277359808657	0.0211843408613571	0.319718911219005
cg03699843	0.589167719947328	0.137355442054589	0.122192068314954	0.0889242993624158	0.0886054567250388	0.0989166057043083	0.119727676296289
cg25938803	0.896669441999845	0.87419899929469	0.895181795477671	0.0728163859759892	0.080287727316586	0.097398553504771	0.871822288064155
cg22820233	0.906169206464247	0.88033330134163	0.891516581146759	0.0748400170622992	0.0800173268658788	0.0929744195628127	0.871660783566291
cg16226866	0.907355111689163	0.883765450920957	0.888565024746883	0.0878929182245226	0.106887853019137	0.108487073137957	0.877619599289812
cg25616055	0.775272254667437	0.064787365444776	0.160113343489475	0.0233464823522626	0.0884063773664802	0.0329257854082814	0.227888708372707
cg12870750	0.759282842963112	0.12269919479108	0.122004132464034	0.11746774346697	0.448618776745052	0.136908482316818	0.238425579417532
cg02606840	0.796996543895224	0.0460630174661571	0.0344164843471027	0.0321708933050488	0.154509347086745	0.0361437088297098	0.056319985246481
cg13980609	0.901215350176378	0.883348836799383	0.913752912185422	0.113729804264985	0.0726797353865602	0.0925267494801838	0.892268481871738
cg03429643	0.75231348314052	0.0456572383836592	0.0417367751632005	0.0389492550394236	0.047323131731405	0.0407041621197619	0.0520222444583312
cg13580758	0.911070623626001	0.890471765127414	0.918825262948208	0.0523994260500526	0.0854496801377461	0.0793234480294421	0.893709246617053
cg25336765	0.881010644727619	0.616558898042187	0.483601059534174	0.0700933410458385	0.0815571783074272	0.0829113595033911	0.188870915044603
cg20656868	0.429398155078233	0.0352235943903775	0.0316046928156202	0.0446080608448771	0.0463733786612197	0.129242581295619	0.0352753328835122
cg15821562	0.804612099491775	0.224348357378185	0.105293193562669	0.0373204552826298	0.549602723413707	0.0830513096587122	0.14438942256723
cg03798942	0.824778700899781	0.136121683138837	0.0842559529003755	0.0424518681785832	0.595466146829436	0.0811813924409848	0.110920189750449
cg21291385	0.710024254199885	0.195327338582753	0.139742566145666	0.0425642864952317	0.343226037247532	0.0630715971453369	0.135743295274836
cg27471192	0.555315174114889	0.0941085023323297	0.0913299476593493	0.0848932193285691	0.0819831996718554	0.0882035038272551	0.0852699911647061
cg05517541	0.572241778541541	0.0552966149183196	0.0263359146598671	0.344395028991096	0.196742066566199	0.205863255954578	0.0424687973316214
cg14417099	0.914993185378328	0.860403372770858	0.901011293847506	0.0570098273480648	0.0690241353592569	0.0811026440247477	0.881425854939426
cg27040700	0.508949166492085	0.0589615889054982	0.160393834271475	0.0308916171772708	0.0360853047573311	0.0422004951800673	0.230384097235786
cg10949007	0.325945540931389	0.0349279888559838	0.0367411613403849	0.029581726888392	0.0276457710123956	0.0459755699277884	0.0340745505649997
cg04316353	0.683853654738216	0.36077883665485	0.356943967611851	0.239507256935168	0.147634001653065	0.12967673622832	0.354332124606941
cg14317609	0.853312450217331	0.0402339818843235	0.11004921796434	0.0326223739868518	0.0344526662795401	0.0372024468006778	0.0832672171725177
cg04756491	0.924267256171422	0.852885068855713	0.906305777269543	0.0563964659972429	0.0718386538803109	0.0963218662990805	0.900763816310004
cg22632840	0.571506123283831	0.0434758350816618	0.0653457039593602	0.0134478220600896	0.0198465756957757	0.0212183787465193	0.0506017795545001
cg04978343	0.8619821993702	0.376418417094778	0.390977209195372	0.0816523681514769	0.0849725049425044	0.0894330939819502	0.127762897055
cg02770745	0.891574196682504	0.865611349516775	0.882999808593454	0.0840290377888752	0.156549681466323	0.119006917235443	0.874219999732379
cg24199006	0.569136027462497	0.223768705051514	0.172790789074713	0.0324818973440893	0.0506258007180497	0.0487137909751507	0.140787952758364
cg01023672	0.91263313006181	0.881078301053504	0.881208779661086	0.0578451431555186	0.0909026207246275	0.0902301142058581	0.857078182756224
cg01154966	0.25031780706691	0.0433929718352008	0.0459383242049317	0.0300878160320503	0.0283439185776398	0.026779236028172	0.0293214124552767
cg08331345	0.295183673531945	0.0407315640443643	0.029672181079752	0.0791215112817031	0.0897376717575042	0.0661121656268889	0.0434619768042239
cg02923224	0.89574231729065	0.192621056553532	0.396464328075884	0.891349029783938	0.898138569573068	0.888406797729703	0.779685083413629
cg10837404	0.936129442726088	0.309883318618737	0.83157668577252	0.937479074756957	0.936951042875543	0.932440856508064	0.914582629927137
cg04162316	0.955066315199377	0.472721313138047	0.897895848578869	0.958616838283555	0.950710800228587	0.951908444763059	0.948506120842388
cg01458495	0.917342028879023	0.408821399276324	0.68718464131643	0.910568234629911	0.919640194585074	0.894656867584929	0.879635619347711
cg01178899	0.915769758362753	0.154180236782363	0.300983865742678	0.920783875505863	0.920271671893102	0.912534761552971	0.567935636033097
cg11307417	0.914870098915387	0.478905852473141	0.833224440502316	0.919322330319313	0.915672498433509	0.916702958095485	0.907756391737568
cg05617307	0.882868962498769	0.317993514592214	0.815311538319012	0.881636029601319	0.89375028781254	0.871441215012929	0.877877292688361
cg05074138	0.915808614644341	0.207552949913076	0.407912320085297	0.90239837843557	0.916509460804632	0.892517363936218	0.760379131631098
cg01080713	0.803430834166181	0.157679774269423	0.123222928527201	0.861085519518828	0.860026034130144	0.858007152891945	0.264407352460659
cg25893560	0.964309751924103	0.284100903180136	0.726975844907901	0.968869128257065	0.964965678272547	0.963580894340001	0.885983540585852
cg02661764	0.881484166187886	0.16119245121682	0.552421801502813	0.900271690340588	0.844698301973286	0.870130930677107	0.872424008198119
cg20335735	0.822905263094437	0.37361662433014	0.588970760824829	0.783064107904971	0.831526471371753	0.817697238040973	0.728863351565671
cg16775598	0.927304757885294	0.243518536265272	0.325041294740142	0.914772896456432	0.92764077661726	0.912636740315303	0.800738836101638
cg19667460	0.919494023643607	0.148903430035505	0.0864735022000792	0.908864696893366	0.911921529834543	0.880671744606252	0.173656953916657
cg09453312	0.911085970075573	0.112890158700534	0.0525306263220257	0.921692450400099	0.915697727317692	0.909160081127209	0.135352722900826
cg19408207	0.866199851159737	0.195954421052581	0.459976261377612	0.879761408774905	0.876746227250629	0.799538688925916	0.653035474960043
cg16921643	0.928704143484469	0.58755361068111	0.896350686382218	0.92539270910772	0.928570635624307	0.923139736874054	0.924254161127192
cg06828613	0.882339083127448	0.512481616545167	0.822029061612731	0.891407657197385	0.893943455424342	0.889122367673996	0.867390982158208
cg03016153	0.878695225805512	0.139081669358484	0.116854391908828	0.897306285745294	0.784432144826508	0.884855790820442	0.229884306313623
cg15321306	0.92594313560633	0.225506756513416	0.400547160622166	0.916865153945642	0.921628116044882	0.853563759390579	0.662870353988117
cg00620024	0.919989735265773	0.243808197786041	0.473033057531256	0.937890575257594	0.92690520725112	0.921446254240317	0.840991467055605
cg16652347	0.780192316612076	0.137166692321929	0.0805844795656723	0.834413257721117	0.822242364476302	0.800109894810072	0.132007254134192
cg14408428	0.900416085623168	0.376088009065081	0.74022282143774	0.918487093724829	0.922114816174929	0.912580585342302	0.828044524905718
cg00675600	0.862817601181919	0.370859178373193	0.516541190574544	0.877590236715088	0.865193858310793	0.851863797199717	0.751028093718606
cg00954105	0.896705345237066	0.170161719765253	0.250225378568173	0.891902486873995	0.901692669192579	0.887312655759059	0.658156115980142
cg12297231	0.916830555691061	0.243829199770477	0.778286651516948	0.858281053292211	0.907859126310486	0.907290344917949	0.793966488951705
cg04573845	0.870411701679416	0.450170436923415	0.685273573312505	0.888361608203511	0.855585433826657	0.860218928788722	0.796922290864603
cg08450017	0.948702485746609	0.0683498883752912	0.0944994027286375	0.9614799013146	0.949738687061975	0.91654907434217	0.284218001721922
cg18463607	0.899876121457555	0.146117145621533	0.0857457926878465	0.942972671926191	0.934016456648564	0.918003479212608	0.297482950825623
cg23514374	0.923262204705771	0.245123971821459	0.412514636407377	0.930202706570155	0.929023431620101	0.923708756406986	0.512809898589196
cg12051710	0.933374028804165	0.589783865566897	0.827791823949272	0.942757013009216	0.937916060104983	0.935917148700198	0.911213574412417
cg15114607	0.871645146214435	0.190828158108555	0.546259219787605	0.900705488684078	0.899317516040178	0.893853899609841	0.76633708254459
cg24008435	0.885382277444813	0.487912755534153	0.76747903136373	0.906346869039346	0.908411821856829	0.905140558934435	0.881920940834979
cg12644845	0.956738270836187	0.467577998114832	0.732706343995835	0.952401315470173	0.954485146829052	0.944406963734493	0.93965956138198
cg25599673	0.883667486229973	0.30510119032301	0.72214588891223	0.902166734005365	0.895084356686611	0.90345674899531	0.891894903504086
cg07930752	0.910737844231759	0.30477333020734	0.618751390396071	0.890329754042831	0.904644056009523	0.875286846540702	0.844071004543888
cg12047375	0.899254504086096	0.413650539020519	0.851750706474132	0.922453718352622	0.913249753616353	0.912232689262655	0.861448368515387
cg09909069	0.896243163844846	0.152501516802624	0.105213451380401	0.882309518073195	0.89475263861239	0.879470302600116	0.276896903363568
cg01974478	0.957269748361553	0.553618843401881	0.871217845127289	0.974592640598286	0.976087596692664	0.960985137424632	0.903434857456517
cg06983746	0.857190319634567	0.134707069345789	0.0961602304046537	0.874882415855786	0.871995770809437	0.867034626269299	0.138361638951475
cg15001636	0.964125815964119	0.598337099427144	0.870702506421719	0.937776107852497	0.946093245100211	0.91572751412035	0.907111681878158
cg23825480	0.901425336261626	0.0574477551089913	0.0660559931867586	0.864019538545129	0.886324526926114	0.851936572321341	0.329418467455044
cg06739462	0.92236986342464	0.492558012576387	0.778151021380827	0.916916283103413	0.925703368761586	0.905169019247967	0.909220653910484
cg27111890	0.913404073151893	0.184004578043877	0.139930240405659	0.885460348487887	0.907135126239491	0.888355417619491	0.674811191803806
cg00801571	0.934450350825487	0.551590424567671	0.840454397581912	0.803940121022527	0.936134407064117	0.88325795621132	0.845462051667586
cg20995188	0.860619553944156	0.196854985148018	0.192290205022157	0.906560452610364	0.918058461066933	0.881353020989311	0.522453844909891
cg24157392	0.102973647655727	0.126606257906993	0.1953332432584	0.907888892616086	0.895925723880434	0.894960826659702	0.785848497418682
cg04591648	0.878971030489934	0.235214060336071	0.363620112254316	0.892065933026348	0.863820990929533	0.870205050343765	0.705127600662744
cg07643762	0.851627233946462	0.316604095370937	0.599934415729574	0.799823601223276	0.856708957798506	0.823396299241088	0.695444680793661
cg16452866	0.965457118313457	0.119970963577103	0.185141178321635	0.97023707531297	0.969395056435418	0.956671602192223	0.814597308169756
cg26986871	0.143836363613348	0.601677922303276	0.0651963294354909	0.0526396193322085	0.0554252259803699	0.0597192281634958	0.0627175233510193
cg06486093	0.0498570045374018	0.197890573603926	0.0295634070722486	0.0353893155337562	0.0310487176350795	0.0349194981331958	0.0323827525435801
cg25284031	0.0509132292386158	0.360448904170619	0.122884702413164	0.126115096581909	0.0575561873068961	0.0737785761829012	0.0599490618863058
cg19828970	0.0851356562182025	0.820237390063234	0.861474980120175	0.0856686789968206	0.0784631341039486	0.0965982581165676	0.860374376372489
cg18055007	0.0347592051584935	0.5346527008191	0.165578626433109	0.0271203278970735	0.0273073377141812	0.0383382497667036	0.0452805194509058
cg15945333	0.0921863488288905	0.831437216456709	0.881441888703408	0.0568947051292948	0.0603433599914531	0.0805033349636795	0.815866498138566
cg22742001	0.115877111024126	0.862424332699485	0.884450274557949	0.0708704968756673	0.081906575079804	0.0917661551507456	0.833328965199581
cg05981394	0.033590415180899	0.385940988301615	0.21288619667306	0.0328867040960091	0.0429570014633195	0.0745516317956221	0.10291683562167
cg00944785	0.137823607152437	0.816482760403841	0.836493954064206	0.105709230390404	0.118912641040081	0.128141633066157	0.800114930303315
cg20090290	0.21833089607302	0.882467718280013	0.895700408360233	0.0721455281593315	0.130832991828268	0.0981907163462819	0.877354246979985
cg01987702	0.0766799313507629	0.75178589411406	0.495901254752658	0.072399994562039	0.0743416193666775	0.0646096436566915	0.135027776438445
cg20071624	0.0998870076807959	0.828133020432033	0.870206290146658	0.107614669982238	0.105640318285634	0.108731839131556	0.809567508307339
cg19473529	0.0262415627929548	0.3387920822087	0.0329509024704551	0.0268436316758485	0.0266101546838768	0.0304995996139763	0.0288375140486096
cg06132620	0.0443153675294211	0.625956719337098	0.559651736743576	0.0339584051633342	0.0283055809003673	0.0515230318897255	0.445773851494992
cg24448340	0.0828540544004088	0.891823351160162	0.936226400791318	0.0355698040085864	0.0446714022963923	0.0728892650696121	0.880489589155819
cg05747695	0.103465209692991	0.314993649712495	0.107930516277488	0.0916584511525819	0.087762772234314	0.0991637456283937	0.0810049533388359
cg26151675	0.0314030795385693	0.245749505927048	0.0963473618381075	0.0295544010567034	0.0303943333628972	0.0358579657484636	0.0430580556231136
cg17627898	0.453506026776724	0.854518043198049	0.864267863219684	0.0738420260643798	0.0950279457562575	0.1030354328446	0.794653874367875
cg13133835	0.0643549015308567	0.514136815434674	0.218329475993376	0.0392814443359451	0.0391679236969759	0.0449865493493387	0.0628665469374368
cg10099758	0.0752780000013987	0.801487961708331	0.629939405639157	0.0598277229328306	0.0695731482830051	0.132381487525481	0.178730520859948
cg05025071	0.831549154261729	0.852146916322225	0.8665240362041	0.094311379660919	0.102325500897347	0.119029933047274	0.828334045132565
cg06719445	0.880706715242604	0.866762827402252	0.875767620717579	0.0785351776394928	0.0818772976904626	0.10523668416696	0.85520055486376
cg18522931	0.094020098498026	0.75979002329182	0.83895806083923	0.0893955182188699	0.0831719102519192	0.109660639150793	0.790905962642141
cg11176694	0.0326628272151533	0.524605938751342	0.282608851814404	0.0922471856852146	0.0613771981394382	0.0793835426836555	0.0611032657942443
cg00776174	0.0453540001097648	0.379009595654934	0.0697026549822118	0.0500637851497204	0.0588983779629782	0.0610980757385357	0.049032033449347
cg03048029	0.803288428860072	0.854813153893706	0.877016394474621	0.07578668130311	0.0847546333628286	0.10257521639081	0.832862849030208
cg13536447	0.871006373986365	0.864146754266571	0.88317450066958	0.212406142468038	0.068685534526979	0.114312722044247	0.832488976761382
cg20312012	0.897640756965429	0.894182133196955	0.912588125769297	0.0724777698026655	0.0842326183552236	0.0969098262547344	0.872826658361168
cg25576997	0.898299121938547	0.880433576930749	0.905497857932675	0.0543493266465712	0.0652759403499761	0.0872907863713633	0.878709198505134
cg10752508	0.876468566035895	0.890065162319507	0.907659328380899	0.0556880824118655	0.0662210170495351	0.0930402145206836	0.87925582062324
cg18865257	0.178498853172889	0.752635238042698	0.629544621511935	0.047524457225534	0.0783252834822482	0.0821147283016931	0.359726319812462
cg20487608	0.0598992717914463	0.843181481484614	0.870754670527949	0.0582391747119798	0.0611149661226773	0.0714212125169601	0.773516756287317
cg18285377	0.0531636365262303	0.303350913428009	0.0988354078173146	0.0451173747850791	0.0441455325800712	0.057588145354776	0.0830922285065231
cg20780105	0.919088955839194	0.900400367859954	0.909965255367227	0.0579464727149833	0.0609543725762253	0.0909135663420468	0.871784939033486
cg13246468	0.0335096247457615	0.603724031522096	0.532734892285943	0.0298385190017961	0.199473712393376	0.0460280532825867	0.344610650136425
cg03992638	0.0670215118812977	0.581633250614852	0.386887102550762	0.0635851869104667	0.0502356432589843	0.0599597555456003	0.111649494691838
cg27236490	0.0587263663470335	0.799280185906528	0.768660720418526	0.0626336103714557	0.0574337897300586	0.082741690419027	0.657342777968488
cg10471743	0.839643309787952	0.863770391559708	0.879593359615926	0.0636933506235132	0.0682306689186641	0.0891128763118177	0.851800713979373
cg23568192	0.914557587265806	0.8821225327231	0.909745976841072	0.0717193403977527	0.0931170506457658	0.112311019260378	0.889769041741868
cg01763719	0.905407166240222	0.881882720133081	0.910870941116541	0.0568451045195907	0.0908630451710452	0.0863562885636427	0.881780627881576
cg24687805	0.0647093552949605	0.335851850682302	0.155574247727837	0.0222477335797631	0.0222113861564669	0.0278069239608052	0.054425595085415
cg25939861	0.903229629974416	0.863833401136163	0.112487190959356	0.927325943406224	0.911322738752681	0.912865204071644	0.589729046190921
cg00219921	0.931811314785261	0.878610582765413	0.192164304450614	0.929533529895158	0.92448687570414	0.919769172623553	0.814181345066062
cg03318654	0.748100088218309	0.755411918346735	0.247874361912699	0.758742291885458	0.751761816522508	0.753903897739137	0.654027655931376
cg11583544	0.916999757508663	0.795815494670852	0.215649454091531	0.918097612551532	0.922998948056213	0.904030120563722	0.232241276958957
cg15046489	0.915648768783179	0.250810924068292	0.0854077512772967	0.924737591973176	0.924938823161976	0.914054841037703	0.194482828536154
cg13521018	0.808168554180131	0.189289870791637	0.108081729552812	0.867488473038018	0.865152616717528	0.856572244246078	0.117027042898584
cg08777095	0.922148210669641	0.576349038068101	0.145500610542249	0.934010569910444	0.930076925572781	0.929354841160814	0.717224335294308
cg09354050	0.924825878429679	0.143409461113754	0.0578082628429205	0.887634583981294	0.926593825590504	0.88296053147363	0.299081170775882
cg17444479	0.853187874802507	0.224925413582173	0.135188538140625	0.892929129036541	0.890860474876204	0.881778414160255	0.171037036824494
cg22217449	0.922894897499129	0.727054644249726	0.37283523377862	0.929271000745447	0.918953781136825	0.905075212158583	0.472875562462273
cg18857618	0.90125471769699	0.858843135156214	0.343199905584466	0.918292137145488	0.928722582693644	0.912081076473055	0.822205266744859
cg04329870	0.873697602818764	0.868177688939345	0.286539297287582	0.897429265350844	0.899376976981234	0.883897270918083	0.73842414010648
cg04314225	0.818807170829309	0.683266617849011	0.339938133933536	0.75320987586104	0.790733626902121	0.704639337747677	0.408522689123432
cg24064639	0.909402113937214	0.176728125707506	0.0700436334661156	0.925950609350943	0.911880515711436	0.892893630929847	0.205695520236661
cg04759756	0.932044639070257	0.374632999020963	0.207774464131857	0.941859291495793	0.936194393919239	0.911749121210794	0.524669457185391
cg20267828	0.744619743704926	0.15955195655834	0.0939798712330506	0.919591753615564	0.919781682952002	0.898373220673884	0.39578615241956
cg23631538	0.883093712447896	0.206109737003324	0.104756749332748	0.925542607828895	0.908260588622549	0.898212083241657	0.17401524364463
cg05799811	0.837815824189107	0.0682568338732394	0.0231287498478601	0.877607715019822	0.87590207498838	0.82861728823261	0.103382597223146
cg16235995	0.875447769661287	0.633422663615776	0.257330612410118	0.857597524503156	0.868608496695736	0.847816543323339	0.471696505526341
cg27280688	0.918640545889261	0.151102541224895	0.0768457336918495	0.791384392244261	0.912402426318332	0.854654282655471	0.360420527981637
cg20618651	0.916366428991246	0.126801625393646	0.0825912412611347	0.950795397535863	0.944024455070352	0.932676496028567	0.2227343075602
cg09234252	0.925081781299957	0.13571367490182	0.0742252576615273	0.932855180705936	0.926847356786529	0.916993799250605	0.201312092093182
cg08109681	0.861201389453982	0.2077811730797	0.048673945677836	0.833763899988432	0.900850912260549	0.859021849032061	0.198830614041656
cg06491415	0.706267476918682	0.247290098356288	0.0789002654965693	0.867044089249977	0.845555777104825	0.830316573540279	0.248531652356376
cg16469046	0.893397805363431	0.189127358386702	0.102014961099166	0.776310167975805	0.892068290014713	0.849483194284881	0.198437270618862
cg22999502	0.821908794828679	0.322262736513198	0.1066666700814	0.891354689650712	0.893788013905312	0.869713098427035	0.526681436581453
cg00277591	0.947815858580615	0.16697985712613	0.0379252536380921	0.893606903430607	0.93045801000984	0.858332269942495	0.209899391243675
cg17477578	0.862547567585697	0.153438436465717	0.0625348415025514	0.912219329733826	0.908958228854	0.900841506317613	0.18096438235693
cg14287022	0.885966603302039	0.318375673121806	0.0909250017688074	0.897496932885216	0.892755918445359	0.857853121469262	0.242160488999081
cg02374486	0.753519532367565	0.355538715067129	0.104359168640099	0.796078980396582	0.796956029355214	0.765720988578706	0.206635060542958
cg18174654	0.887161999979519	0.853447619356082	0.356769589470834	0.898311212251189	0.896768528023894	0.886049275734691	0.833814880051125
cg12433559	0.804740832008495	0.328954615602376	0.0802690648813453	0.870647236922871	0.845354744265728	0.819552890509573	0.204031805641695
cg21549011	0.409232290001594	0.373970674607601	0.143352342795801	0.414772882634001	0.401537442530864	0.397301953759267	0.362814727351958
cg09088496	0.92324763587021	0.183224409056464	0.0539991925534903	0.936726369851225	0.927809323282311	0.901513363369853	0.251367053118535
cg11531557	0.894330494646841	0.482163304356233	0.190087979512255	0.912750512517485	0.915988396938354	0.896645105559016	0.599565068467894
cg20894640	0.936548903303923	0.281255612822345	0.0594347141321709	0.940476938241232	0.936944726015176	0.913740236411265	0.215195797444636
cg08622923	0.829437029912389	0.500682334994513	0.111037774317417	0.718668003961468	0.842679482588621	0.773244032237328	0.245768431733236
cg25630514	0.792652618145847	0.160037014732218	0.0478125699690259	0.772282068970447	0.75895239318495	0.735869922205857	0.164970984211353
cg09855140	0.809000054788147	0.180625793376362	0.082518208222168	0.891489216107379	0.914748058253163	0.880928591829905	0.175815130713303
cg08178956	0.119282996782696	0.663012518330607	0.823319722706337	0.127575068671616	0.101759662568934	0.118626600855755	0.805976412592823
cg20048655	0.0900781765836702	0.714187338780074	0.845246329241615	0.100245021427843	0.0877107684856531	0.101728136014118	0.765408177269365
cg08131309	0.122869074153357	0.807912801980145	0.889991011837651	0.0793419840173197	0.0606859104458488	0.0855891308125051	0.800437163580514
cg04642165	0.0918157420954516	0.791494655452848	0.85714513180221	0.0596018770215698	0.0609687701540504	0.079248055967424	0.779599593898469
cg17013990	0.19007043633631	0.808927463801748	0.891366728968256	0.0545396048726087	0.0664925588049207	0.0864776550170125	0.825284940919631
cg16810279	0.0411642621076242	0.101033931551427	0.685646461408365	0.042675765607832	0.0460988911758794	0.0419786905128798	0.416289312977609
cg05240166	0.103727627394226	0.867164682116015	0.901226721078992	0.0642483978044641	0.0871463906694747	0.12903340562601	0.799675482598302
cg15142192	0.856964255772721	0.827337030435428	0.852070776990199	0.116360903549972	0.101127502462429	0.116534106268176	0.837835276265081
cg10009801	0.0988615079923435	0.799294179083268	0.8441129587893	0.0755193566031577	0.0811329573429741	0.0910862452331977	0.713829484244822
cg00699569	0.0658955571471412	0.703247868234338	0.801906481793482	0.0602030890871139	0.0638700697922201	0.0866188893138809	0.755946583635094
cg05252264	0.869972669438446	0.829354526150066	0.864720758564159	0.0527816327386055	0.0582111857129296	0.0685385689616754	0.826295473453362
cg17398227	0.106883623598124	0.608341824327915	0.757742203203425	0.100094080676751	0.100703814167623	0.111528202905606	0.491101258306249
cg11093142	0.0797474201835112	0.656325286619487	0.725814482308582	0.0590163418227832	0.0532571104916468	0.0606483726380106	0.324600751379569
cg05233670	0.121284786496864	0.748156790996214	0.78531572262526	0.126826277831645	0.135614042596386	0.156815976230219	0.745778482507924
cg07037635	0.113572042182815	0.790134660826784	0.834713432669429	0.0621510666564054	0.0641432886688797	0.0769082278708275	0.694346999332899
cg25823926	0.09628032172102	0.720191852682351	0.798999222050233	0.0804489471292236	0.0629654064935444	0.0734202647607114	0.715003752624908
cg02193956	0.766409390761621	0.847970991126111	0.863669356418162	0.0919996345324487	0.0985468803942688	0.114680770892262	0.829981979473528
cg24602411	0.149520201544013	0.870620058326649	0.91682397327418	0.0606276266963047	0.101984675331946	0.154729471162334	0.866762578227484
cg12754495	0.129136238321982	0.785226811310337	0.838781505456791	0.224842229988397	0.163510923844189	0.18212770763794	0.805516296695675
cg13416889	0.902082970551368	0.895526948505775	0.883896765490353	0.140599378265143	0.882098015043597	0.660869418069579	0.877830555313359
cg25006077	0.928114411748618	0.914140402702985	0.916861080353483	0.0560147988153293	0.90167411218837	0.117609644500396	0.907871305900975
cg05344747	0.810561201725073	0.89501635392224	0.903838906631888	0.0813266180101652	0.843689412452044	0.11801111754523	0.900031608623997
cg08435683	0.943284199235614	0.945992878088048	0.94727434379633	0.0767838875226738	0.938700133691215	0.360463800697013	0.936644439561059
cg03555710	0.965185471613504	0.966519720387694	0.963680071841569	0.836632976639584	0.963985927954882	0.956936795771626	0.963535986716958
cg02790691	0.881919227055293	0.8834669567886	0.881758070758054	0.107889054125648	0.830674238143961	0.465497621700276	0.880255794867995
cg05740567	0.939687908314475	0.936631244906687	0.934051968251446	0.431007068257675	0.903588800430969	0.494137094274224	0.934283734804111
cg16062253	0.942547086403996	0.931990670623339	0.927952870724262	0.187040387397209	0.87361523971456	0.573095481939641	0.926760822310016
cg07236691	0.935654703251545	0.932402235907824	0.928274717650706	0.25323254767206	0.914978869602988	0.644120181206214	0.92367402209777
cg24422489	0.909081365970023	0.904272568448996	0.90600052635048	0.0796104006058949	0.837409750515951	0.447975907461609	0.899975078464973
cg23709535	0.939931520235367	0.936292754386064	0.939836150296236	0.283039140940076	0.774544614719943	0.391735490839882	0.93176678682728
cg01692842	0.898528544097724	0.907500978097167	0.894395273928158	0.0516380499665299	0.871009592696579	0.0862608150945438	0.869828491760206
cg26814100	0.930199327796178	0.924047450613068	0.922785190639742	0.0790922051438882	0.820003767331993	0.290290390131146	0.923239636146977
cg15010903	0.903005654489475	0.905387317998963	0.90259344379817	0.069354027042456	0.871384777315229	0.144244179856554	0.901896756262679
cg02112168	0.862042678827608	0.874178844207298	0.871888870804258	0.0576334335251965	0.708848030625344	0.123613559164434	0.846464931956887
cg01012879	0.922584973711841	0.923973228151849	0.917403336812452	0.0985072008260747	0.91355050545175	0.254898825397934	0.907094825791756
cg14963498	0.904731859667234	0.897945878066284	0.927718486466503	0.0630769395757077	0.22379911230869	0.0895964542896642	0.893441046581655
cg07302959	0.873282697110788	0.851691591668804	0.871938016481256	0.0603778417547273	0.221277390166543	0.0786035384597556	0.860500536029823
cg17983957	0.926073581303969	0.919239116462949	0.940592884341806	0.0904942587752621	0.62671563457549	0.451438942779389	0.910362455787828
cg13001142	0.860603500896646	0.859956097013828	0.865983950285498	0.145351357564056	0.830314415878298	0.711183978013701	0.848023501957809
cg27416489	0.876177161193181	0.862152909252448	0.858189627975315	0.182981916769028	0.863283499290035	0.17817875610165	0.834880734602132
cg18380211	0.862891376345659	0.865154747767674	0.859725234176217	0.188001010830348	0.854950886909748	0.791422358417387	0.863252845232104
cg00290355	0.88650908182681	0.886448039518341	0.902817668017892	0.138526820646984	0.790058221522659	0.571159215377981	0.876539449472075
cg21237481	0.928803085923896	0.923635867730752	0.922589924918003	0.12489916339551	0.901250754415474	0.720875294521322	0.922027785381252
cg09205945	0.857415876858093	0.862575938018893	0.842880850385125	0.07746648637268	0.262747121442577	0.100555975499736	0.834151016142407
cg04942640	0.896886166744237	0.884511641386019	0.872857480877684	0.233915864380389	0.829240705236098	0.683825170565833	0.879775263780052
cg09535475	0.885723344974896	0.867395442231975	0.878651650257856	0.0884140530601168	0.754519115632342	0.122915692588903	0.875615241333954
cg21346154	0.921834059564475	0.933148185601079	0.940404362372579	0.125805000422004	0.867029842658984	0.515679116641447	0.937661920302486
cg13766864	0.885606052764759	0.874063311545443	0.877568349980926	0.100976322312056	0.53088723125438	0.308414197798471	0.857858285113213
cg00556627	0.905234487351372	0.824914581470068	0.88180618410765	0.167167480344135	0.896017191534667	0.749157446871068	0.892182328311393
cg22221575	0.847234846902625	0.884317909912046	0.867616315805503	0.142533153642842	0.885922066963433	0.769165708423766	0.871626010489198
cg04244170	0.887103968321861	0.849550380724095	0.86471050061539	0.110587795244965	0.165480230697054	0.123016069269109	0.838801953526863
cg04554131	0.0453603727633517	0.0414988517300221	0.0333439274472883	0.365592910967171	0.0638109761009862	0.336451155440587	0.0375295608474103
cg18865207	0.041707433752215	0.0495158623474015	0.0348853752840313	0.508286003535106	0.161144543639287	0.450851660446033	0.0437070087141247
cg15459165	0.0333987023568361	0.07605434578174	0.0348776858338309	0.464656850104922	0.314755111743995	0.483204436301315	0.0958002729019729
cg09221159	0.111950634082156	0.0829420257155404	0.0519914867582266	0.779809402063312	0.479003682621999	0.728588388723114	0.0956684055342962
cg10699171	0.0815836485892706	0.0945537752470835	0.0672359454148706	0.858519509601802	0.629222941652169	0.848127615720969	0.106322962482633
cg09993145	0.0932610208162343	0.0407189988231952	0.0359030309096419	0.919474179249676	0.0666505747070604	0.864897759949947	0.0380872578762893
cg14437551	0.0536436982809777	0.109246498502434	0.0577164244362729	0.943057474682171	0.943638942131344	0.933592892351754	0.120837790040469
cg17587997	0.0667060701705261	0.154787283957615	0.0868003684789594	0.919725264272492	0.913589826631025	0.900699791955765	0.117960477207623
cg10145533	0.071632069884661	0.116189632289729	0.0576841608507277	0.922969225301169	0.903080791743892	0.896122308858141	0.148089467789704
cg18643093	0.0383878395660822	0.0797455966470211	0.0404328276872883	0.645602567466703	0.422845188192308	0.48807662095426	0.0859796674427511
cg26404422	0.115161119974032	0.161255734888927	0.103314021919722	0.864134112475048	0.835198686018344	0.851018071716866	0.185563722612629
cg01911077	0.0491301024048832	0.0637492703589809	0.0271023482831499	0.508523339687003	0.43178891768046	0.466455238821559	0.051676323085734
cg26960939	0.0561306556190192	0.0865811164242192	0.0500069419220989	0.575154753000718	0.411527665713367	0.57657383757513	0.0782573513621269
cg06094523	0.0809530269883376	0.10280969597718	0.0795815385177176	0.252703480971822	0.163017601920022	0.206006948074603	0.0843169020698803
cg11316887	0.11319712357196	0.248982130533996	0.0786460759399899	0.907673094621368	0.893028219608758	0.894269501988638	0.112913397672918
cg16108580	0.0876329265848481	0.157241507367179	0.0829721933589609	0.875477681535529	0.856849896916966	0.835475802192889	0.141956415985526
cg21959598	0.0698361892091065	0.142947160054191	0.102324061791403	0.87529002088494	0.886113568804538	0.874129019820242	0.108877848871756
cg09621572	0.0475834298364623	0.143759865025341	0.0502471603644125	0.943549637217435	0.946197367724029	0.922388584265528	0.14655676429918
cg26280911	0.058530194179267	0.0527287380582401	0.066114351590936	0.239564487305307	0.0455505329786457	0.137011427205656	0.0666211359345069
cg13203135	0.0841475541502879	0.0816476304013069	0.0877557798752067	0.722987142439616	0.106629774158086	0.534822250262047	0.115351955191765
cg22153728	0.0700525687911124	0.0534114231643551	0.0363201485135222	0.509344577232282	0.0917358858742663	0.487077174942065	0.0396874070687659
cg06480171	0.0362696079586167	0.0408052172541367	0.0340652683979647	0.126379178868176	0.0905901693691397	0.0994468101468786	0.0342484092382264
cg00661777	0.128753426022771	0.299916705283	0.195622291379399	0.786997470470584	0.172168429320406	0.718705071313026	0.142324899691984
cg00754552	0.0986214835990808	0.636169652217409	0.552840067348544	0.889988066826649	0.149654687751786	0.873374199401403	0.407932552132142
cg20472746	0.238223140253313	0.0534881055225976	0.0529593341862743	0.697016051554892	0.0830593283513048	0.301461167683898	0.0653748889387144
cg24720038	0.150396194866322	0.128449898415012	0.0912680441095645	0.395351613713886	0.217031362812972	0.312942166825332	0.0957392747615856
cg23750151	0.0276800905679147	0.0318398427948625	0.0280475516534801	0.175841124153639	0.0720874588221546	0.178850247076461	0.0323146491523811
cg03728799	0.116170740019644	0.173679104094332	0.120696962652552	0.884836471158276	0.865129276319809	0.847436293823687	0.299101746619545
cg22610434	0.116665559662443	0.455954696555638	0.491755270277861	0.874748001428081	0.725782287941143	0.835585825723932	0.713836036811837
cg15120525	0.0741802069786199	0.744976071760955	0.881248560810813	0.911972164023437	0.17738946672103	0.90533261540531	0.816514536068313
cg23889684	0.0375959245953468	0.0430849050662238	0.0408515132274248	0.272874641564994	0.0463030450681001	0.249257772934212	0.0431492858643625
cg18148314	0.183486056158372	0.157665316433466	0.0507215056027527	0.881287696678159	0.89873793763624	0.867937043201657	0.145617989037522
cg04312209	0.0731286507996867	0.0692918795773543	0.0410290784129247	0.567071172507004	0.505336527079004	0.591348031382635	0.0818141567679075
cg01250961	0.0354611575337082	0.0344896336132929	0.0357546635574235	0.154835219448577	0.033372891655326	0.0575219046463207	0.0372499070338869
cg27058497	0.104573261003533	0.0598224319133191	0.0363775675257776	0.716797095858125	0.249703495494765	0.678935342448605	0.0460670627594821
cg20600379	0.0357641000187161	0.119941246996775	0.0890066042719701	0.470530989241016	0.311441159384303	0.414990654695191	0.0863439172148858
cg19016694	0.123208728067986	0.133339777566544	0.0485624292421696	0.602453668294515	0.451697215028748	0.578249888040709	0.130939234217038
cg23954655	0.0689955212196362	0.0653438637924669	0.0740430298778072	0.652227768509785	0.151538736128499	0.682236360039016	0.126229900184958
cg12810837	0.0462013681780874	0.0830480252696383	0.0407595879890643	0.755181846330525	0.716098997299373	0.789284706304664	0.100213849618448
cg02889869	0.0663658483132814	0.879005196257456	0.908946205527999	0.905680012648105	0.145469677033459	0.905700206946003	0.872656105810222
cg25765315	0.899046401100811	0.898309963244461	0.920695042179716	0.929358595534199	0.341636724410478	0.916233782310092	0.906023820166117
cg20641531	0.928269256015606	0.921387769395444	0.931740061396364	0.915427319757293	0.149125077249203	0.757087332278194	0.920587699900132
cg16636767	0.891587390168644	0.883043212409528	0.896851470395451	0.897763642463111	0.179178238290127	0.894967229462385	0.881140979181222
cg10480329	0.933488399400864	0.920483851402182	0.935305376183085	0.926549011645919	0.153857147847582	0.918415547113962	0.921716850439594
cg25898577	0.925990121726055	0.892533881867894	0.920312935611072	0.904395523939098	0.0962787946895159	0.815813170588278	0.875258842390959
cg10278149	0.898079109179843	0.891384448986845	0.912655427320572	0.775437093511848	0.109383337048473	0.752072383361232	0.883556531061299
cg25517015	0.904024151880871	0.869156297825397	0.88555264620846	0.862893191227868	0.151027699013932	0.788819104164567	0.861520804088915
cg19301114	0.845441146395078	0.818436313092381	0.858275267575637	0.88242877201679	0.0875768740179099	0.870776979119663	0.786988160179801
cg19380581	0.926905629715205	0.91195983817816	0.923986954822769	0.927785766970283	0.517088682925835	0.926720506162139	0.91824420690825
cg18066690	0.939129153279049	0.90166539163594	0.937084832429316	0.937375632364841	0.165920798391766	0.93079061377191	0.922087990021521
cg00701951	0.90971411954522	0.87950489696433	0.889599322360369	0.88751830088812	0.106906360899659	0.774113247424829	0.868514429670761
cg00177203	0.942705825376896	0.923212945472986	0.944707736870982	0.93716591656651	0.477534497646338	0.923571926422615	0.929313862181988
cg05242065	0.898022976875717	0.798111476132482	0.915884002538583	0.907009521309738	0.161955689336784	0.883591867285331	0.903259851597387
cg18712919	0.896620318465013	0.883396586837529	0.897651882305695	0.80990704968612	0.202852611324787	0.682901930338444	0.883053937264028
cg13781869	0.899533563157219	0.868722865676719	0.903505394677616	0.901474659396707	0.22314929527179	0.899214501350388	0.897701063346206
cg04851465	0.902215882038471	0.883875341711393	0.899599506105369	0.877156777807949	0.210060914474398	0.867735912182591	0.889097418819947
cg26953469	0.934448956569648	0.904828096800049	0.937859736833514	0.883115357447938	0.296589814221037	0.896684674356403	0.897697801655845
cg09866695	0.907515798800545	0.898760807354122	0.913150331649378	0.896911090604277	0.383794474406	0.777003633554282	0.903931074513402
cg08694574	0.912116955685856	0.894387150761625	0.909469522113832	0.868792061581936	0.151813449354581	0.779479654951068	0.894013989846158
cg07002540	0.921267026723711	0.855107528148722	0.917203475952914	0.895479003472503	0.110399284912474	0.816962525859816	0.863983543651036
cg14708360	0.883702573834277	0.906937756256379	0.926948260144866	0.748776599219927	0.244568482975985	0.561533497226784	0.884091175382614
cg25376491	0.92329673808146	0.848632084493574	0.920204787468462	0.754996069873874	0.159438756892525	0.714939509924913	0.877785382408577
cg05654103	0.921031681837925	0.881077030871121	0.928652876955034	0.874935345444446	0.425182698569925	0.835226700811333	0.895556550076793
cg01110616	0.85245782198429	0.818678296574149	0.82292418271713	0.805371791974182	0.174910744615797	0.7506192826498	0.807355974809073
cg12207930	0.874843367907014	0.863305638925342	0.912036719289045	0.863194016811862	0.109821123882235	0.652298681396078	0.881556761931443
cg11664417	0.870535048706567	0.89712189701174	0.898757119895117	0.917789300721487	0.311427150091661	0.910458146599446	0.886934440262047
cg06297318	0.833607065709338	0.83002494765917	0.83951446975174	0.834087235814231	0.185571136526304	0.804471288530172	0.830793121858594
cg10105218	0.109689346125189	0.843669929812231	0.852080002095768	0.884286366670951	0.193667815941444	0.87893926886308	0.830552380284512
cg09310966	0.937926601018406	0.836786875950666	0.901704730425328	0.727051672884409	0.0955233835629602	0.506352346998543	0.819776097404024
cg23391288	0.891688102382381	0.867936140142093	0.929877427708771	0.942022397266499	0.178013102269614	0.936955751055266	0.895016143757208
cg14906103	0.929666894278407	0.911427164453637	0.935490790200664	0.780732255691531	0.282702212557144	0.552905270454175	0.918848661665985
cg12655112	0.913061407814011	0.880021976373346	0.947293186395011	0.86400919074234	0.0641271880074483	0.725157578492101	0.915860460303249
cg19716090	0.902241839632507	0.881000759161491	0.8929962005173	0.749097114251838	0.145321331170336	0.416903964202252	0.87280714886176
cg10624395	0.922275772783271	0.885223044870627	0.929659650610255	0.928232442447854	0.178698643117723	0.936249703506389	0.896168909742749
cg27059140	0.919182028928578	0.905866761985407	0.916782090898784	0.729311266551854	0.0863326564758695	0.488920785600499	0.89253833071315
cg12884009	0.923065261687586	0.906834488813003	0.924809987940135	0.838289276213216	0.232886549715872	0.527509978593454	0.908011688134352
cg11118440	0.867982156520762	0.809508529348202	0.884555732613272	0.889325368954068	0.0846661968241273	0.511384469973682	0.858258135281526
cg05452742	0.930001188588538	0.913747743808876	0.929299649723035	0.933860132525574	0.467904142632019	0.931791817813044	0.917841328771582
cg12893373	0.917125989679806	0.901833026540408	0.913023161341242	0.872315169184639	0.381822407742589	0.820293990985517	0.895786353820886
cg10864794	0.937500924893965	0.905942496973256	0.9452181031235	0.903362092301901	0.268841908800896	0.745998249513907	0.910203638075847
cg01024962	0.762558457270158	0.862776782644193	0.883504474866667	0.89462798794012	0.17608525546477	0.881102717336161	0.858928338512728
cg02861504	0.887867408249573	0.897720898102905	0.921478009671132	0.809921471680022	0.0686809958738057	0.443041295684551	0.888119049572235
cg03313271	0.91627529838816	0.906821744742156	0.925874157973788	0.826229229080867	0.088401962875722	0.458237817403221	0.905423570760095
cg10768932	0.0377543057029869	0.0705773593328648	0.0400363452496736	0.0448913643856767	0.468052124582652	0.0444885914227062	0.0667773207204176
cg24957609	0.116576595144914	0.161609119481358	0.0807651292920493	0.471620930607245	0.853627970956392	0.506669733854403	0.134076703974417
cg19638572	0.0663279800141671	0.0771935705713985	0.0355163455908527	0.163972214780633	0.551714915725016	0.446586426591262	0.0748017238045964
cg11977716	0.0552752262729431	0.0706698062766197	0.0455434790423286	0.199801065008627	0.747645519613143	0.267285749903531	0.0898926483172462
cg12216435	0.0501359286930046	0.120372100793548	0.0604939245750772	0.485877244413252	0.792331095959272	0.636206641616615	0.0983729698371247
cg12045829	0.0710620089295211	0.0984915254140758	0.062309936420674	0.467557879520535	0.680262175242241	0.595429792346839	0.126176225168263
cg20660269	0.0147514892625588	0.0208823338491548	0.0150592250399364	0.0205808823722881	0.184340739132927	0.0180368524773011	0.0299396449784854
cg27506442	0.0405719755497565	0.0357694261948766	0.0183095798210424	0.125438138007916	0.301144213514464	0.146378296580733	0.0374853932421828
cg02821342	0.0479884125175238	0.0382015399723539	0.0319937511760919	0.0460240990419917	0.147456320842906	0.0581116097151817	0.0369027257669099
cg00517080	0.0376571004011478	0.65898333864088	0.297990311367311	0.760515145220513	0.925596582548604	0.81115286932923	0.218749498799606
cg23007665	0.102518575457813	0.139801617006806	0.103443133712454	0.298940490245975	0.844085777102774	0.735427659965836	0.151797644256756
cg03795574	0.099643903944206	0.149485761161164	0.185917120823207	0.345860176450266	0.823251703187751	0.130911138862389	0.400532785322102
cg09395195	0.0932679941931687	0.0716692127112429	0.0388970409269157	0.285800492404189	0.48292694284721	0.441425084118728	0.086840841256752
cg08462055	0.0524011524183237	0.100584243357839	0.0508629963070414	0.205154812881262	0.576328874179325	0.403474190612574	0.0919219546890274
cg01785706	0.155875931840423	0.26427209843702	0.184545647105975	0.84260359970996	0.884740274720584	0.835410420069638	0.243739841771779
cg07120889	0.0495217973166728	0.0728153197045253	0.041205349418701	0.286378449005157	0.330351531800397	0.319818378887612	0.0667075349659345
cg04450994	0.146630998973685	0.0949839711582935	0.0719283959254782	0.827897418764403	0.841251709604365	0.822320644160068	0.0977494301947826
cg02505177	0.0598422441600101	0.225934801791267	0.10242344177781	0.678565357560834	0.797676822740007	0.748143318913317	0.215938640933875
cg21830221	0.100171228067881	0.178832880577425	0.130262093061022	0.81674270778992	0.83359464278651	0.837397336495312	0.183048574093887
cg03717755	0.894666495720252	0.130636534823865	0.0963208517080681	0.13784765207422	0.845524090298194	0.710370832505365	0.143851569185601
cg13554018	0.109183006725206	0.320306301170653	0.149831714195058	0.768552234305621	0.856513737359192	0.787678853405727	0.157000418770226
cg02596819	0.0421063610468182	0.255213229476265	0.111197342351711	0.318441872020174	0.620431937883815	0.48173879990709	0.108737299782296
cg12102235	0.22383148742027	0.142775081164727	0.193203489498805	0.0624902355816894	0.802725951223592	0.0611921646877172	0.575664859257439
cg19097880	0.0474469093509268	0.107478586049245	0.0422427014657133	0.162951158885657	0.803261231872355	0.635962700980536	0.118499481875423
cg18923906	0.334621441347464	0.137021231432403	0.0802408834163534	0.0923964477966413	0.644343727112633	0.229862745626673	0.1332075178042
cg03479209	0.0735512179407895	0.0821878867411648	0.0597949226703003	0.388457016132637	0.520156384004377	0.496177263876706	0.0742455911685631
cg26485844	0.671156385120884	0.10552617528779	0.0525362155201131	0.0915069952632247	0.688279417706874	0.325953140341991	0.105493335815435
cg14441276	0.0575670284588756	0.159860287896362	0.074129248854096	0.888240006198001	0.918067035221997	0.888497352802629	0.189913191559216
cg26056277	0.90905724330674	0.909784173433643	0.897940067539475	0.761475590160772	0.848972153015287	0.20527567672912	0.90018420117746
cg26105956	0.865571052929299	0.859985929500218	0.859229763554256	0.211984813606884	0.699444230227034	0.169013995692146	0.85907798660767
cg21792134	0.947445958380376	0.939318438796808	0.943667201000267	0.321297016938773	0.907379258924985	0.187146161851404	0.942133380281068
cg19607845	0.850760587458033	0.795527137231715	0.816360685946641	0.228190715548037	0.670905627762957	0.129192141009793	0.807778676468465
cg13165240	0.923198289874597	0.928315226074893	0.934005895668359	0.694747834961776	0.911557248957869	0.572919912898115	0.927040822700822
cg03637218	0.876393425104723	0.870172860922449	0.854680923853266	0.657699509444676	0.856130099710227	0.208675637449604	0.854021214313007
cg20203469	0.931185174237965	0.929724356753378	0.926163015665072	0.361145690055954	0.915148749240108	0.262104960424177	0.924266409490564
cg09342997	0.871197434303668	0.863082404459054	0.867568039437797	0.615837560428929	0.82718489581223	0.228304891080146	0.873909149235778
cg01135648	0.920434849319745	0.890137817956918	0.909594311241446	0.531487265323522	0.632576286079606	0.301293473774557	0.888522564123099
cg10456459	0.920506920149785	0.9066421004033	0.910160085975432	0.1034958776305	0.0779559433201557	0.113471773294976	0.901264886818843
cg06867755	0.94400438351153	0.950998255420839	0.954327989334398	0.211686555341086	0.883466231020406	0.200692898997867	0.946092043118033
cg08730245	0.927353276819614	0.934786826714548	0.92566828072562	0.646329721760393	0.840003271678999	0.347308418545799	0.925891754978657
cg00799984	0.886664373519335	0.90443573371491	0.916437206154565	0.483964637598045	0.701114073851502	0.301500146815093	0.888891743489217
cg15285436	0.876205791818495	0.850328171800307	0.872235554918889	0.153044905637267	0.152862736416321	0.145796480469116	0.852857728111514
cg16762030	0.912143659291728	0.863243432013847	0.906387735189892	0.0584005274860877	0.0802410990187735	0.0859581095422004	0.897015598124654
cg18507018	0.89344063209425	0.864871390064936	0.866535769481246	0.0955448096306025	0.415999336474803	0.128212315428212	0.865841017940053
cg07409471	0.941629112319881	0.939685573276228	0.938572250704617	0.335383907279215	0.88837393613755	0.210521726930219	0.931559580294044
cg20910008	0.0394320160159665	0.04483661600678	0.0398630019075386	0.0870164603825382	0.211800604316099	0.328642972010106	0.0414260679323283
cg26341831	0.0386684628534358	0.185873945403722	0.0416211556311469	0.45097953424859	0.236923818256362	0.742506546118043	0.0756455240142823
cg06516865	0.0241806673721736	0.0429536512043325	0.0751281409815732	0.301732574476017	0.0435253500257211	0.327582152481736	0.0821438481173344
cg26106166	0.134655084207807	0.170881239893087	0.140307587649167	0.635850568043333	0.752374356278914	0.804708870737005	0.154375082786607
cg03753191	0.0358499210780006	0.0370566153795615	0.036769731945204	0.0726374386945014	0.0463018870297514	0.152139529957034	0.0395752685319171
cg16068833	0.0380277169038351	0.0606787722405327	0.0477119425495014	0.181447781387285	0.315383700451539	0.36358422340549	0.124017413599076
cg00446123	0.038954656843131	0.0622994716669845	0.0298089035179467	0.707416842993365	0.840285969853331	0.86516873555044	0.0546410824460368
cg14535274	0.0339556080349615	0.0364815301229895	0.0269115610010642	0.237837258837805	0.210768428102108	0.276915501326854	0.0358196330671238
cg04736625	0.897862796077222	0.889660933683196	0.850366289049403	0.906003535172169	0.907220840919599	0.901958267524416	0.441059730917391
cg13617280	0.860498082460532	0.843299674745977	0.785422614570007	0.849962571163705	0.85687388426379	0.818418973681347	0.189918469518969
cg12338690	0.83695021336935	0.839772386030213	0.660616751075526	0.83717556845405	0.862341936787427	0.835062523572834	0.428699181422423
cg11133963	0.915819166235241	0.898406581219507	0.628592385440336	0.906931803210915	0.843764052970153	0.901388510273416	0.441295202393479
cg13995453	0.889409408535106	0.837598959188764	0.82299354587866	0.891956502586439	0.884918090058992	0.882675701480351	0.446967205266288
cg05253716	0.938881936998935	0.938908513547563	0.900973541765349	0.943150608926709	0.941206397650895	0.938978221061187	0.596272645665232
cg27591920	0.928904204018384	0.910311079969711	0.834132882811295	0.924951037952117	0.928374895462006	0.917258923843947	0.669750431343327
cg18612209	0.929103574525896	0.914378364380742	0.791841535365667	0.931099765181187	0.925928824760825	0.927702087551855	0.513872453563093
cg12111137	0.918269616706373	0.837919626241767	0.403131604094829	0.890127897023405	0.929953449544811	0.880477685503894	0.20594577760266
cg07949141	0.886869696243704	0.81532271307516	0.606771892468525	0.862275935401934	0.905802095213484	0.863533395020518	0.387381583947984
cg09278623	0.906641697996751	0.919298499133937	0.881939163393991	0.919795244310634	0.928112403604297	0.917042435621837	0.598696359798336
cg20697204	0.861172084561776	0.851528897524374	0.669555862862409	0.858634511332224	0.862400962338336	0.834003803539523	0.48261280080575
cg06713373	0.75225212470482	0.870970613658646	0.66448470247724	0.898444875971358	0.897235456540844	0.890965219658979	0.360192166767399
cg15225779	0.789960744573446	0.79133416073762	0.576535163711552	0.767961384902999	0.803267875225253	0.756341230934797	0.29912834031759
cg24032269	0.840124771014341	0.734889658211332	0.396437439639937	0.872827452682605	0.884838660243396	0.847778878232014	0.213828942916172
cg03032253	0.92255079555388	0.939288544905942	0.914022354060662	0.946423804959866	0.943080048935815	0.946981325407048	0.728969404553307
cg03208044	0.935502641795324	0.930069112367309	0.916262080885016	0.936535801650562	0.945988060010523	0.934291849259454	0.763366964964436
cg22521333	0.982214228723467	0.983528313885572	0.96935098056832	0.983097336322427	0.983513512530284	0.982739240595329	0.834502972755599
cg01962471	0.880242783330502	0.864298285195614	0.74417526414213	0.861072581700466	0.872014560862205	0.864163962250062	0.512416054974609
cg25522181	0.89843216151991	0.774824981725188	0.531177483163162	0.906367835539631	0.905927064860799	0.86988688546292	0.338938184411884
cg06791979	0.912246060621407	0.744478980266749	0.347220970885526	0.789746490859336	0.920461548945307	0.871208703932697	0.22070086640301
cg22348356	0.890027799346487	0.870778678078998	0.725585440933155	0.899767526408989	0.903458612601927	0.891635512588936	0.469671835265953
cg11850861	0.84301102479419	0.810877038821678	0.555674148188088	0.852631290114191	0.849669550837603	0.837383092194078	0.419952984119717
cg03538296	0.910096475870622	0.90815773664983	0.749950149829017	0.910956445311937	0.913358347220492	0.914805031485301	0.25394288392123
cg07682434	0.928181196644051	0.921681340206654	0.786731563562158	0.93657108668445	0.943679041641022	0.932013554650293	0.607111333996291
cg17767931	0.894663451853591	0.895791607070816	0.795648156996702	0.898749451682694	0.896318707335745	0.896740762930295	0.603062083268148
cg18714086	0.868218133291498	0.593122840487252	0.55291382552468	0.920431346774558	0.926279384353793	0.912954609353618	0.46325736453356
cg13240704	0.904585202510859	0.905524979766541	0.773731400502607	0.9162747055489	0.912790795423494	0.915756618500059	0.470593867850258
cg01291375	0.862089732721758	0.844689616297511	0.717927002785681	0.877993137648079	0.868641791427433	0.861331705887887	0.44621719259237
cg25383568	0.932971700249797	0.902840379828935	0.616577311618295	0.956812222961778	0.957352312058731	0.946654081830493	0.282871858240709
cg00112929	0.933836095423891	0.847897099955693	0.690941988653445	0.943194383906218	0.93142058091855	0.924935189025438	0.600358170625002
cg20460771	0.887344634883621	0.815831471902713	0.462435333490543	0.86446247998448	0.880167013341065	0.864284092489536	0.198197732426918
cg15559940	0.946353910208535	0.941697334596755	0.893280400290539	0.942737085301613	0.942555124802686	0.941267546536509	0.656278544867134
cg05774892	0.936546592889464	0.925877715818245	0.817557474994597	0.929061115549086	0.93676470696159	0.929878907956876	0.66389534745915
cg07873128	0.91083408611347	0.911024958882007	0.842834350165672	0.923969676793991	0.935598582828716	0.920039357077062	0.550855764259245
cg23060465	0.973541709910725	0.970399929888527	0.936142231123548	0.974316791591431	0.974271393550315	0.972971190919056	0.714371750749136
cg18310515	0.914700251968479	0.835042361420853	0.557884423931711	0.918578313549964	0.923093198424002	0.908265178544244	0.251697743894953
cg18247172	0.957156852836766	0.921840792253561	0.636380839821143	0.938117202437796	0.942060420733977	0.879780012622146	0.430068670470233
cg22176018	0.899336419798261	0.872399018150671	0.658104693468873	0.868232615562657	0.894503964375834	0.87454917393591	0.364643695318558
cg04603811	0.982237091238093	0.970645697765349	0.581500707009539	0.814038955565205	0.958622650092931	0.87565586584322	0.466059225481014
cg14049634	0.795553620213235	0.699930694402302	0.281308790725068	0.774226804869985	0.812035728453477	0.760392016886682	0.237192344720574
cg01416168	0.926997403623128	0.921450157774751	0.828101139272733	0.932595062752202	0.920607630252664	0.924060208259347	0.427652852629261
cg09372617	0.889720682862089	0.690648344111408	0.279411647525524	0.851481508140923	0.916637156814303	0.902004452897909	0.247660028943227
cg26348226	0.0432855663082333	0.250403746556105	0.508956705611914	0.0807964691926982	0.052212054331114	0.0887875346255441	0.655406115473169
cg00762678	0.0538734700356407	0.189888034140492	0.229613687533698	0.0619375474053136	0.0560589628097582	0.0794270630405294	0.338448899386935
cg16013543	0.0577531279035243	0.067005444187689	0.271370924727269	0.142871549157395	0.0707895042555462	0.0893161383907699	0.426795989954375
cg27122888	0.102960273339733	0.0950109562992915	0.226423919377279	0.0447438461036433	0.0392985639416143	0.0476021180557173	0.408637879575467
cg09080522	0.0334861083000505	0.483621147348303	0.658566248918475	0.0272347956194508	0.0315195024232664	0.0520664343267576	0.689589616088743
cg02019444	0.892864004949638	0.867111549269407	0.900636657734973	0.0638254188935862	0.0724988122891201	0.0921571979957206	0.88548289996274
cg26942829	0.923877198197956	0.890865374642416	0.919850654941022	0.0562635694801642	0.0731714162391229	0.0934672524453039	0.89963412141956
cg22713444	0.906372051503307	0.881091706957316	0.911825214595381	0.0786934036837134	0.0654646899637186	0.0885363061613717	0.885744603774437
