CpG	Intercept	PanTcell	CD8T	CD4T	NK	Bcell	Mono	Gran
cg00226923	0.908254648552594	0.0218475536904394	-0.0290746444815646	0.019520009724875	0.0349316733273465	-0.891558627613285	0.043308690164259	0.0442108030283962
cg16698623	0.910165601928021	0.0291908471088487	-0.0205090331614662	0.0068070685852062	0.0216508562925718	-0.804918829478583	0.0383423000849344	0.0301016053028316
cg14102807	0.861710374865453	0.0133515467273259	-0.024789511157264	-0.00679169717021715	0.0249064091110884	-0.802710142557113	0.054985251674549	0.0462940463367248
cg14127336	0.883485808414202	0.0483939005799524	-0.0405613173629306	0.0140909168912605	0.0514708954741297	-0.855206370039137	0.0631463970943434	0.0572638103519052
cg24641737	0.0741634195006262	-0.030853038777134	0.000300863984962999	-0.00486344785097266	-0.0115308877837343	0.808367400203855	-0.0336872495057226	-0.0363950545826554
cg20981615	0.528012233377504	-0.40285281488659	0.139389398121522	-0.0200902187680063	-0.450320678179238	0.340397795211808	0.290289848424227	0.188345917504462
cg02600394	0.676748993802917	-0.58788670535406	0.109560272437782	-0.0144754359051254	-0.625757684153874	0.263313671737727	0.246345521715798	0.212156864871862
cg15742700	0.750892456625374	0.0964004593761398	0.0345810838112854	-0.0110280721566924	-0.0084806574711472	-0.71056687859875	-0.670478058278152	0.085036038556365
cg03801286	0.404494948128378	0.505367307880305	-0.0273653942304828	-0.0206240864610779	0.477005435582928	0.510333969805857	-0.332791026095114	-0.339580031988152
cg25634666	0.422947643799856	0.462224480051877	-0.08197443192048	-0.042123962378522	0.46229780349238	0.487363725585318	-0.326553638323634	-0.337897343209014
cg22194129	0.81056330617648	0.0708889114934883	-0.0285475969858766	0.00660029480849171	0.0540247013834297	-0.710247701174984	0.0972964373612346	-0.00916145129145058
cg12089698	0.320025253619297	0.332003268243753	-0.145974170559955	-0.0413877767514531	0.225672648581899	-0.247689108287932	-0.254865290746315	-0.255294020182209
cg23759710	0.579891078111461	0.227647348708722	-0.0215392551916381	-0.0131038283838107	0.163019699028157	0.246366539012421	0.0963928084038928	-0.0759974955340419
cg11283860	0.391204087447826	0.545909084887539	0.00452779250143825	-0.0279228485098114	0.536988370427087	0.547998739741343	-0.191745453066884	-0.316204121103262
cg17356733	0.475461725750112	0.469305598999612	-0.013513968974286	-0.0317843298768872	0.446887363689683	0.463013987262552	-0.375815854420525	-0.378777482142773
cg00113020	0.843608259175099	0.00192749687763248	0.0403852952000484	-0.00560333410463917	-0.00750978705550742	-0.717228322097549	-0.0140643080179776	-0.00586856316856259
cg10161121	0.636040529458778	-0.571022366002796	-0.0105489717557526	0.0105437315050277	-0.56459327235982	0.120232926367912	0.249556191590753	0.246648342339584
cg16280667	0.810584804027961	-0.0527938159936551	0.0352708117294401	-0.150198783831058	0.0539698998415982	-0.746100199236664	0.0735756332856491	0.0788619595139752
cg24777950	0.43023991110125	0.487754169765329	0.00575993603642138	-0.0306990460180164	0.467117316620837	0.482939361372107	-0.337762464477966	-0.332714488716432
cg00546897	0.508681692562308	0.401034674163972	-0.0377680165868217	-0.014784604246198	0.369479952918398	0.349099957447749	-0.418964638537609	-0.174531642525083
cg24211388	0.431347027993679	0.491388590465535	-0.0206507217881299	-0.0224706838679094	0.478754578929701	0.321578741865806	-0.367895663258285	-0.362425662563024
cg18920397	0.533186559748193	-0.494121343773571	0.0135202216692545	0.00704729962809431	-0.445000522847707	-0.447638584596177	0.204256583246059	0.328144016736299
cg02497428	0.913011175643058	0.0349289729187551	-0.00060930639623138	-0.00701119453013509	0.0246506933959098	0.0345817361397683	-0.413493731148817	0.0388892147431822
cg18854666	0.709339512802502	0.231728181292235	-0.00219711321902889	-0.00475546547335495	0.263719634199702	0.128789157837579	-0.6207277448131	-0.11005976244105
cg07728874	0.702942351005065	-0.570128043018425	0.0454935776318878	0.0282743905520487	0.195803831414383	0.227255476933985	0.21856810393161	0.215148428389322
cg24841244	0.586376198849574	-0.537536503668651	0.0139730940844787	0.015957078238827	0.252713880851928	0.313530831905828	0.302737366555851	0.28551763269796
cg02780988	0.737902638224175	0.0648586577231768	-0.045746419331483	-0.0088020740868503	0.0840692575217717	-0.035177454078714	-0.644911579230224	0.0634280022356425
cg17496921	0.286327824277832	0.606625904276921	-0.0045291817115041	-0.00892898998720871	0.549608141245817	0.59607731514049	-0.24276464190428	-0.242919758798629
cg26661623	0.626896056127633	0.277992895186317	0.0134089293691282	-0.0125273845273704	0.289099768243534	0.268556746485566	-0.509658356188194	-0.203886244811189
cg12387247	0.605246625498746	0.225784848498558	-0.00718046729482253	0.0333989957445227	-0.0605551410986175	-0.577906228532149	-0.536800633710924	0.0882051786200938
cg03330678	0.369427987480852	0.547550682094592	-0.0139749763790039	-0.0334537989731728	0.551902033854722	0.500400199297696	-0.294827424393374	-0.298178178181415
cg00619207	0.438441522224125	-0.314009525563578	0.0022794033053247	-0.00789841416276909	-0.313561842217052	0.432252411107767	-0.30388223821799	0.0830344527887707
cg10266490	0.168785175284523	0.481099455413194	-0.144155008558659	0.0269804966734122	0.133548741823091	-0.0339685917307982	-0.125858169581938	-0.124832337957769
cg11456838	0.689799450601593	0.0944156008652786	0.0156925071515303	0.0081890416251876	-0.0233851765571345	-0.570939790966857	-0.00202663230236125	-0.00469354329800441
cg20748065	0.296202967810412	0.643831183918252	-0.0293992915587829	-0.0210352818999266	0.603750264596146	0.597833107762115	-0.272184731762554	-0.267817246333137
cg16098726	0.782593588900933	0.132850361104948	0.0168758000267694	0.0148467124619771	0.123208501926572	-0.647868258961606	0.0333924910357456	-0.025082126397408
cg10853416	0.718446222216315	0.124443361115079	-0.00479633330504449	0.00621856668758935	-0.0380926131513308	-0.642144822267732	-0.637162534247171	0.0269535152834545
cg18589858	0.747643135616529	0.12941251116117	-0.0123513449656557	-0.00030495029639294	0.125283028324785	0.122536737210528	-0.436525218718795	-0.00118135926734571
cg20720686	0.390170058855515	0.462796950131193	-0.00294021793731044	-0.0374399891146	0.45395683116046	0.478007350680354	0.156194556310557	-0.263043827494427
cg23140706	0.477321653290353	0.290448719515292	-0.0930981784537922	-0.0393072343507439	0.334496412655396	0.323644569777062	-0.13769276906543	-0.177248620407262
cg00515905	0.901537466671117	0.0230330499761922	-0.0298343166596783	-0.00720862914352697	-0.547297257565985	0.0414315666317184	0.0383198133122007	0.0288112958034442
cg27485921	0.348606503134606	0.393834603763446	-0.0408837904753759	-0.00869686357004385	0.444937844689832	0.507374157031422	-0.256547250738499	-0.285390017454968
cg15743985	0.27617986391246	0.33740177639404	0.0148047385523895	0.0172119225394581	0.045724174646134	-0.232780968748245	-0.218923887880196	-0.206301385050064
cg10287137	0.511421310922594	0.416676823431128	-0.029959948342391	-0.0471207519016283	0.314397532838348	0.345893659143512	-0.274292087167762	-0.341092533744165
cg04576021	0.690959794410366	0.123315588226324	0.00975639279438657	-0.0117428679686393	0.0657825359198897	-0.605417954955282	-0.00350260881759271	-0.00714893489043701
cg16522484	0.752567951852052	0.103133281478375	-0.000987133328005407	-0.0197170333367776	-0.25892228816898	0.133825798101988	0.102021828080291	-0.0178475143678997
cg27606341	0.410275395110627	0.51545940748857	0.012711245391384	-0.0155725908871778	0.490650709584115	0.33581248665664	-0.338423907406743	-0.332843493809676
cg17399166	0.843921918557361	0.0117852951048311	0.00731112156789752	-0.0127096868697986	0.0656019081546804	-0.667311119887888	-0.108197020424036	0.0467093640951206
cg13578652	0.449974074951973	-0.370693951773015	0.00317689433125393	-0.00461980699488499	-0.318641165226496	0.384988071554716	0.262812024193795	0.160293023938866
cg07730301	0.361213970330416	0.389311964211802	-0.0104942627320866	-0.0125849534950303	0.216117223193165	0.167654610222551	-0.290657348027026	-0.301064570576605
cg25226014	0.482930937039465	-0.398242212044619	0.0356016299874081	-0.0128965974975271	-0.19110903703402	0.273261046287768	0.294934842954104	0.293053512956156
cg25732252	0.43532507639343	0.187908142864984	-0.0064628992128244	0.0635198672703793	0.255011469381547	-0.379059921814605	-0.188600889343998	-0.0693481551775737
cg00974864	0.379791590319774	0.491565032393916	0.00840637599969188	-0.0401403196557785	0.471248535545168	0.507394726420839	-0.265788179880708	-0.305698001519176
cg09303642	0.465741962925237	0.43367219084602	-0.0351744911893478	-0.0159070133668284	0.36194767999045	0.248511049971838	-0.384186271275055	-0.380246237063761
cg08458487	0.361377363459457	0.555257408726863	0.00278013435235052	-0.0264215119602042	0.524695615279663	0.545207709880038	-0.300976800687022	-0.300288778888871
cg11024597	0.401401937030883	0.503366762989944	-0.0088082500050168	-0.0037307250233663	0.37788278116282	-0.0668836703543771	-0.327318545023483	-0.312174944517182
cg13650156	0.461638478026494	0.405982394023448	-0.00604867381519331	-0.0192867299896976	0.378150414062159	0.444339471794362	-0.367053699288862	-0.311464620488599
cg09914304	0.631366957163622	-0.490008992423581	-0.0918528604758399	0.0163151965263804	-0.563361608722521	0.23369442054907	0.2476521906437	0.22780608393151
cg15512851	0.248958290299671	0.501244176881145	0.0557996356659345	0.0405367093856064	-0.0437311256612741	-0.200967770207526	-0.207790732286369	-0.201091684795208
cg02656594	0.326066869967573	0.580528181335349	0.0204412914060928	-0.0237800945788121	0.493478907462971	-0.0704915559874525	-0.229080410777635	-0.224254273960487
cg04784315	0.370245733320094	0.480216833391524	0.00131803335957431	0.000393520772095452	0.442923675793565	0.336034116718684	-0.110897833316574	-0.226140183290189
cg12962778	0.725242829619246	0.1979364537404	0.0109866166437413	-0.0036070208756569	0.144361534123589	0.0808016037219781	-0.529794089621003	-0.0917514046029949
cg02630207	0.7239176665988	0.0639583846724143	0.0194716219181935	-0.0136419503247769	0.0970367084259707	-0.64106299846615	0.0562722225388579	0.0355666003573199
cg25587233	0.579602775508218	0.369693434844709	0.0184727214077622	-0.0289897041332189	0.360809700686202	0.344756695518854	-0.470227958894821	-0.210219703734594
cg26574610	0.808759555851636	0.0525572767595018	-0.0209656861385151	0.00655246635001336	0.0339845687281849	-0.711372253823677	0.0542426592567849	0.0274282658019196
cg27394566	0.71695824772892	0.158909471640113	0.00114222579184359	0.0118263065037404	0.130776448952969	-0.506491427309874	-0.13139241473225	0.0206721556848754
cg02537023	0.518492485166251	0.276908664893158	0.0355876500279581	0.00858964994506906	0.0688932057446551	-0.475029835141682	-0.249689145184408	-0.127889810134701
cg27461196	0.603855462922897	0.305989746769488	-0.043238032669368	-0.00930614937455988	0.32808367697584	0.331988230894823	-0.493663554476954	-0.49336003575384
cg00071250	0.553744319875665	-0.508899864832618	-0.0455866157705345	0.0116835399862125	-0.484592466554267	0.163010842191363	0.299634948178802	0.307277757463845
cg21969640	0.257953662799804	0.556308054280974	0.00539593362428322	0.0322501578590502	0.375814664979383	0.461463070877723	-0.233980080695816	-0.229728671411238
cg07239938	0.36141434981896	0.370683991709254	-0.112594283958443	-0.0289110663695258	0.339813503384532	0.3715247642096	-0.253511953740499	-0.270699536534125
cg22242539	0.444497556896204	0.411216383699765	-0.0969266812353211	-0.00259488186404256	0.408659598441439	0.485792428169182	-0.359879377706669	-0.353465223503529
cg12971694	0.255193415408419	0.539267290744653	0.00366664073518401	0.0711830714853888	-0.0488360181633888	-0.214110902682479	-0.208903125714555	-0.213317439944207
cg20070090	0.35884307403947	0.373708676081757	-0.0341488500165453	-0.0118198876287317	0.23496177144058	0.400926309343262	-0.246722193992195	-0.246551425202692
cg02240622	0.334577794256143	0.436378134108599	0.019058219544029	-0.0320994845085302	0.330912535953197	0.450026287983391	-0.230169334979037	-0.253178062797002
cg22456522	0.809557611095895	0.0328963723057373	-0.0110226833077567	-0.0262328709521007	0.058053825650003	0.0496035388012016	-0.680117807234322	0.0113847389489998
cg15121304	0.793877274842435	0.00187043498882862	0.0174407236968329	0.00621836068729265	-0.146896584705467	-0.56338915090496	0.0632163959974308	0.0853825293779141
cg16097772	0.367764007359695	0.50939764273252	-0.0373191499946175	0.00136007492041616	0.296432074645352	0.396790759401395	-0.29509554128201	-0.277898924815189
cg15937958	0.75103227775806	0.192241505587275	-0.0490795332402463	-0.0159776958352656	0.184668240494967	0.194955905565051	0.147034342223722	-0.142818240251055
cg15880738	0.631897123614415	-0.544872025995712	0.0129678995587374	0.0160110273107479	0.208589028716522	0.266802026802649	0.252243764604479	0.248346349140255
cg18881723	0.121081558885354	-0.0103383622066741	0.0774602533379787	-0.0471550441796978	0.553932841113719	-0.0581621038773347	-0.0599076688774043	-0.0616099713739385
cg14654385	0.412894950258164	0.501372404521947	-0.0114960388835125	-0.00931984408968569	0.377149169046699	-0.00528256395483519	-0.280119851955034	-0.327794661763838
cg12491659	0.22448399414409	0.42320966030624	-0.0636512976580896	-0.0260504670001004	0.292011549432234	-0.123086939617239	-0.116132411832986	-0.107771036711726
cg18557145	0.875964795366986	0.0521532194570138	0.00483854099082043	0.00835677349399138	0.0132787196830476	-0.539264723145572	0.0352970010053446	-0.0108941819860747
cg13253729	0.831210859238073	0.0921196407900544	-0.00846989996100772	-0.00745268752483089	0.0675699773149809	0.0152216407618888	-0.502284979260886	-0.0241724217308772
cg08044694	0.394096683715703	0.528446147924625	0.0266228925481004	-0.0110424878050752	0.461524793992807	0.48517522037116	-0.350989052545195	-0.338920702036241
cg09868035	0.414687128668445	0.335837126307085	0.0216233984935881	-0.0490022900876061	0.165943497123552	0.00700682827068002	-0.353430791676492	-0.339679975009352
cg01980222	0.346901459252641	0.318699140752181	-0.124184449985712	-0.0295000499999431	0.450077158972727	0.408104824096321	-0.250507915227874	-0.201245896752772
cg09830866	0.572993785433055	-0.531721441762633	-0.0146380746007731	0.0034936634676868	-0.493999951822388	-0.0871664804743203	0.263983911103808	0.243260649425019
cg18350391	0.760730218551112	-0.629975702018706	-0.025914011589967	0.00152948972803808	-0.115610963891065	0.120977598037516	0.173635761341487	0.153291968899936
cg07597976	0.715310357869821	0.0783994225455992	0.0400498525283604	-0.00475121259661006	-0.00911886899616243	-0.668521259270124	0.0442309817189822	0.0319575457093566
cg19963522	0.22401526284748	0.506565078176253	0.0796445834418125	0.0452807436914447	0.456115536798015	0.131352133227188	-0.144422866951631	-0.157717994482713
cg03574571	0.306988920326237	0.58017600203215	0.0227874451190828	0.00680774599829403	0.371040963616816	-0.255245503237645	-0.249799192903926	-0.239932693186453
cg09457245	0.513633437315034	0.230377635075482	-0.0403159501966969	-0.00443530915058492	0.231444865884613	-0.271865482765574	-0.272185922663087	-0.0688724893858612
cg24427660	0.483374355426619	0.451734912959205	0.0649669638576102	-0.0134775169889977	0.420261289660545	0.43623244996653	-0.0140512460236522	-0.329230141561355
cg22820108	0.504737909342974	0.355391122438922	0.0117764093571844	-0.0026856363881637	0.260452300269777	0.0534652657437093	-0.291928005948142	-0.206914482951012
cg23815306	0.574930029592868	0.219896803772509	0.0196246166841905	-0.0041549708324373	0.289766625254454	0.206935987224318	-0.154821329360102	-0.103215167072176
cg13053608	0.281188474063116	0.575244242620056	-0.0120345166321353	-0.00855001668528988	0.326140616901416	0.232527042619053	-0.153916594066577	-0.243883415306354
cg02039171	0.680851740332466	0.26277690904054	0.0713194617406676	-0.00291910194440257	0.24147161495235	0.277391770946531	0.0506747177937262	-0.331585703813537
cg26701826	0.308540756166653	0.51943678742045	0.0296932853506816	0.00656849178387634	0.399888526206264	0.557167858434274	-0.0924975145428121	-0.225445384994606
cg11058932	0.546320641935451	0.296511171583017	-0.0174660414400747	-0.00787190724947654	0.283604723483986	0.312063602815588	-0.440513028315175	-0.190671127437279
cg22224704	0.264859434437797	0.500252360710365	-0.0792128722884601	0.0444211317806755	0.0633613884276108	0.0625072337450104	-0.185107162805785	-0.183242970197435
cg15352829	0.336535611482989	0.380313342674867	0.00459486203452596	-0.0194752051880945	0.332690783255481	-0.201024362805937	-0.244421977197247	-0.200195977850716
cg15662251	0.384149051840978	0.390568114850001	-0.0622179666198303	0.0241644833056792	0.249839884538975	-0.296451390159494	-0.14345389182904	-0.163672389328224
cg16967583	0.267898948100231	0.515204342831589	-0.0140830708161849	-0.00731192355277335	0.571600327061985	0.572083910630961	-0.172255351130592	-0.21717282468985
cg25674286	0.556192081472123	0.271217585195945	-0.0602963166045455	0.0124842708398416	0.0706211912832861	0.208628585177493	-0.276151841488212	-0.196059293971191
cg20366831	0.688489266673273	-0.499644683394495	-0.0896120933311582	0.0347993542318551	0.0237898334710696	0.157856799964328	0.231616633307089	0.230983408304449
cg25832796	0.171528429851902	0.384983061322605	0.011140973150656	0.0183086629446405	0.150727398017818	-0.0378041868250344	-0.122487370184346	-0.108395001203302
cg07285167	0.397722825018834	0.521368002009258	0.0317933765110445	-0.0271493275741284	0.505260462898811	0.478439638164337	-0.301879519440104	-0.283299545086904
cg18084554	0.424289816838168	0.507620633581485	0.0171524937614946	-0.0356958503941956	0.492348155376152	0.516674972337735	-0.311691805284134	-0.363068106896574
cg07732037	0.278239342363208	-0.169981811459229	0.00778171862545115	0.00490898785665922	-0.168332894711688	0.381756324301426	0.224948656461797	0.0300432683331668
cg15518883	0.644356026490244	-0.437141862825026	0.00481145280472309	-0.048732625649055	0.259234237366408	-0.198479622657788	0.274278716555171	0.265110533035688
cg18145683	0.529295125893441	0.293728957578469	-0.0121163335546847	-0.0104896960048503	0.299759028968204	0.297912074154803	0.00823923418920881	-0.21768898830301
cg09624565	0.329998249326236	0.228477370555212	0.0912394335640919	-0.0987976390082983	0.225592437916558	-0.248240726517538	-0.247236098696436	-0.252327333256568
cg23756272	0.568385164140064	0.299926472726929	0.00638614847692413	0.0182854289162976	0.125397446525999	0.346094545868445	-0.44344648119593	-0.209214614980725
cg18463686	0.305620559477071	0.506485373522614	-0.0245920851986103	-0.0269576418865938	0.513046070461597	0.529489284604589	-0.170936782563471	-0.201900400708381
cg24612198	0.564616801793229	-0.478301750884221	-0.0140336261594401	0.0023885815705249	0.0375468838601572	0.244133084679124	0.22883317019073	0.23335533415616
cg24091474	0.281875896285053	0.539688820391254	0.00693003339058755	0.0843486833280248	-0.210809199865825	-0.0734175296142035	-0.245000648289208	-0.241619948784736
cg21932814	0.294906760876012	0.423635113002726	0.0151905867704401	-0.0143290364182407	0.397689244635281	0.450299858279296	-0.145790777814401	-0.181660786609602
cg18638581	0.288827426192661	0.555528477321371	0.0230677779532854	0.00434597778320714	0.221942458581268	0.286758789936061	-0.229906756127079	-0.224350579115905
cg18149207	0.795813009606262	-0.353851072073319	-0.0398468560809729	0.0998285291617017	-0.0306695179074233	0.0912197913697344	0.0915797156440673	0.0799292934246097
cg21846903	0.383837554036439	0.401365827798733	0.019104225962985	-0.0317080944807804	0.363842576576257	0.370354823716588	-0.136401775862128	-0.196119577931936
cg07658590	0.331848935193949	0.441752748240324	-0.044069246225548	0.0225917829588968	0.257357883482573	0.196255313299893	-0.141606052461495	-0.197680087353843
cg01623438	0.239665269162362	0.346092341831692	-0.0503403534987944	0.0548465316434909	0.39105534886062	-0.187607177987622	-0.188193482071815	-0.176049831776678
cg11898695	0.812332933137787	-0.048231426786113	0.025342262725322	0.00794289853356389	-0.218491990676839	-0.665793986498533	0.0901013408239281	0.085332915323239
cg22630748	0.655722111745396	0.293230604097189	0.00299519662847509	0.00336656130348137	0.297286200915032	0.2974234159519	0.0803880363515806	-0.21195115287543
cg09358725	0.378363983480055	0.493292380368405	0.0182299931699538	-0.0323929588904057	0.437654848935983	0.407990671259804	-0.257668867573523	-0.229890785299358
cg05868799	0.197603151000686	0.225867263932304	0.0728533413513157	0.028280158268689	-0.0732005335395176	-0.0867990146644339	-0.122425375969934	-0.109743384389331
cg22566906	0.273823099399654	0.312955192707107	-0.0281683778474918	-0.00545274351348136	-0.19243074383067	-0.231524836291968	-0.234602887363016	-0.219387279585571
cg10148841	0.551319511103278	0.296438672289322	0.010997816601091	0.00958415410472314	0.169256116109663	-0.12646449441309	-0.222812031070208	-0.132330473596556
cg11939496	0.478632588864148	0.41819827785924	-0.00135371663023123	-0.0238162542150435	0.391002220300248	0.216036294496768	-0.380328148827505	-0.28145420131053
cg11206634	0.724960216121415	-0.0581237538967495	0.0173339797477165	0.0163650347886926	0.162297413926193	-0.372921923128223	-0.656530644794536	0.138440503093973
cg10275770	0.268713983874928	0.415445710421111	0.0676489736561327	-0.0475756120094909	0.213214021170715	0.125810025303549	-0.182919123961991	-0.190049649437951
cg00134539	0.509429029900191	-0.456633315682049	0.0220038201406003	0.0174283022047062	-0.438862772869125	0.374216900030411	0.34205228295083	0.241891726749581
cg15910079	0.268518433738755	0.474604110547481	-0.101963594851042	-0.0297178097016035	0.319995195797679	0.336035626146782	-0.20806220150609	-0.202462868383433
cg17749456	0.254227145288235	0.502424304412931	0.0685540210969552	-0.0400744268653366	0.223758716543059	0.198643964542278	-0.183779209405108	-0.187800306075137
cg25059899	0.680569270362623	0.213269312991092	0.0117848666719632	0.0105231916396773	0.0921858752151208	0.242914812968538	-0.43578271042393	-0.13245257033974
cg04926244	0.800228352750371	0.0925184605877222	-0.00299460118499353	-0.00287067809403369	0.104488659647649	-0.275831428105349	-0.59559934530057	0.0156116510699928
cg07924575	0.604403934711448	0.269035117186574	-0.0458228158754602	-0.0276847909870491	0.271980754054336	0.274247540119046	0.0183855992046587	-0.190633576815926
cg18034859	0.813563935819631	0.0983505003714737	-0.0282469377286058	-0.0064528621789983	0.110110880998281	0.12353689252377	0.0448647862822498	-0.0754050910696708
cg08176694	0.196387403710496	0.606607496291086	0.0271387499720771	0.0173358499801652	0.33478403259139	0.197744112947342	-0.122662245735691	-0.100735758704854
cg20792833	0.227843805038276	-0.169643224984057	0.0345784227928762	-0.0172085829044975	-0.167608473307832	-0.168231830340124	0.0707494121380123	0.0219768547629375
cg18661868	0.261134830631713	0.278728991180427	0.126556198459845	-0.0851041744847492	-0.125677081406153	-0.0822863818049688	-0.135863583327004	-0.123662518120063
cg08399444	0.456766684019573	0.452604826462525	0.00108330044837886	-0.0216365792619866	0.436394604210914	0.470972440008726	-0.164677018405184	-0.278207494147756
cg15337006	0.268376562707923	0.412411460054798	0.0884848702926968	0.0848350227444399	-0.0515840151960448	0.0538080019148396	-0.201723284853299	-0.187823080545833
cg04286933	0.213826376753513	0.217524811751121	0.0204697052710604	0.0343709827689031	-0.100251355828274	-0.136586107234909	-0.163050381224063	-0.161082653577132
cg20267005	0.428164886704235	0.346832576873725	0.0769162709031309	0.0392368830251189	-0.00184981365649077	-0.200996083609841	-0.139582289134381	-0.127162335896772
cg19690214	0.343621035621402	0.397264365105932	0.0551327184377739	0.0292344740788691	0.282240532028228	0.190798621867403	-0.207447309042722	-0.182795462597057
cg24926276	0.360433408993552	0.411987118830814	0.0174294181457055	-0.0656675392012586	0.413540961500443	0.376365683726303	-0.0334392928605172	-0.243391568875877
cg22670733	0.715630592831336	-0.554078984177635	0.0193107968587716	0.030811579587564	0.116360719457594	0.147919291164445	0.198339073791197	0.174844672410327
cg05252264	0.255226208004603	0.393155108801368	0.0499273241106524	-0.00459237940096249	0.415928443554285	0.406821186471531	-0.10014966352529	-0.123943825133721
cg21991396	0.409510471112026	0.546342073597778	0.0290018242777095	-0.0344098335544109	0.51465880503992	0.525654736101095	-0.337035342640629	-0.319883753348091
cg01120308	0.161781668820749	0.224703031231796	0.00962471459673571	0.0333015538554087	0.0561887584281286	-0.097327115391795	-0.0981542896923271	-0.098380181984808
cg26191951	0.310676925995827	0.428202574783787	-0.105660843848618	-0.0201924361894817	0.282613733486514	0.307927254235902	-0.244270463674658	-0.236059280158261
cg12380764	0.358831513464938	0.481931183709807	0.00238850165187704	0.0175256235772287	0.477170958911967	0.522897009137089	-0.121681936207659	-0.285785129752088
cg07218880	0.534922930384781	-0.377756705361172	-0.00960014579762838	0.0866118318886985	-0.414641903176537	-0.209192242296294	0.212400010286094	0.261256876313694
cg19399532	0.257891718970001	0.456762794693959	0.152208781395716	-0.0341194334344805	0.149725299564316	-0.209094946340309	-0.207103974166068	-0.199865496487668
cg11801011	0.655742044438418	0.0370583889047252	0.0209931666956821	-0.0425046208388548	-0.464620135384055	-0.0629078444411657	-0.055917944399768	-0.0462942694445204
cg21126943	0.285249001655506	0.427748032755683	-0.0626745249625037	-0.00273038145410013	0.545827430632843	0.467282433685458	-0.0312039475637462	-0.243363316216588
cg06172871	0.381819345459368	0.462812666226826	-0.0166339598537873	-0.028985320381466	0.35221264535301	0.459881998083093	-0.218818083843716	-0.266434493165528
cg16173109	0.740851348158022	-0.430810248198376	0.0436795500652528	-0.119496537481761	0.151493633613049	0.179648618469573	0.170056311835019	0.164336051808101
cg21624359	0.530332433278913	0.289507183508582	-0.0164281666941982	-0.0269785917705256	0.273178266984384	0.29939363346105	-0.0185751732440925	-0.194743370697003
cg07408456	0.443631895088582	0.364270774662562	0.0586352837352573	0.0247760680724056	-0.011803771494123	-0.0164931092580059	-0.177648158850654	-0.182155292381132
cg24292612	0.384662968582324	0.385276603301322	-0.062448712361578	-0.0321808820618623	0.290295344156465	0.373225543361931	-0.282593468898838	-0.215634566981234
cg07545925	0.431439329116804	-0.369382204993266	0.0151948187797026	0.0166551936059795	0.238124907148011	0.27139396296278	0.302446447929404	0.263634573652343
cg08510456	0.279851722190466	0.372579044553911	0.00495548330883184	-0.0336383917353321	0.291877087045561	0.265692211207887	-0.218495256158086	-0.19297865964031
cg06270401	0.506867612201126	0.376244203765945	-0.0371173861005845	-0.00727790705300451	0.373423847536321	0.413210020507034	0.374982920074812	-0.254499297952841
cg03600318	0.252963041234796	0.425963040521098	-0.0448120107692765	-0.0242207926792304	0.539577476191634	0.512336512945405	0.0506832265509507	-0.162244494231729
cg25600606	0.533524447759045	0.404009685094151	-0.00211857827051066	-0.031804127726331	0.373052460410997	0.399147881909342	0.355748864213353	-0.372173131053456
cg13703437	0.386335180463686	0.541655689680774	0.0349649465392392	-0.0114148318183724	0.156883137639527	-0.037712141382843	-0.298164668233057	-0.28581542497462
cg22972055	0.781874414804158	-0.362658814838526	0.240559850050827	-0.0766864249660056	0.0914160580310848	0.0860921685507413	0.160572325239627	0.149352160170268
cg18884741	0.688519319971532	0.218141681821981	0.0312442069005186	-0.0230096130843061	0.209656791162632	0.188222301290016	-0.290187758267739	-0.364169329955579
cg11098259	0.241979827177005	0.463563308705798	0.0147671965924021	-0.0672486274031181	0.569104284926661	0.543268431517377	-0.156152711714983	-0.165561994459604
cg08700306	0.456232046060183	0.323580963481212	-0.0152765904863198	-0.0265378714403528	0.2266102848606	0.269026299034937	-0.131959606147236	-0.239147008146278
cg08519905	0.314011656268461	0.365621695651921	-0.0203018307306713	0.0417064569524664	0.0447484371581024	-0.219661708227758	-0.161252836309313	-0.169148099833041
cg05044994	0.571068248147225	-0.259177681478503	0.0064665333169886	0.0707976833349854	-0.378210229970039	0.225322135183153	0.174429591850206	0.0945804643551707
cg08678755	0.722353883868396	-0.00565524496552035	-0.0328769542996917	-0.0132337508229298	0.043483511923368	-0.662052968727213	0.027778425695129	0.0410296865588844
cg26928972	0.382163177262868	0.436231110850128	0.0128958157624378	-0.0255303460682328	0.430498708911359	0.451313572937793	-0.237477021241852	-0.233478818470329
cg12535715	0.361189662336587	0.458342802106425	0.0384759414883875	-0.0130330507350704	0.233762707391616	0.0104796786923417	-0.219319178043646	-0.228507429047157
cg17753124	0.508526693548682	0.306632239842791	0.0267225457949967	-0.00628533882380041	0.30088750472243	0.371935971652161	-0.103800930799671	-0.227791332684408
cg23713742	0.664229056779836	0.26291719089601	-0.00995196869707434	-0.00125212343923296	0.263724701415059	0.117671195972603	-0.483488187000276	-0.298434004107489
cg02082571	0.482037088358409	0.45348281054262	0.0104552783880748	-0.0243189787855071	0.122957657946951	0.0725490542680466	-0.163450387907557	-0.154088364004223
cg03602500	0.738575055575128	-0.371831789000033	0.261251533277221	-0.0244989790840552	0.0686767535777627	0.194812144380347	0.10034196437039	0.149620044335991
cg05714729	0.291056797761136	0.542070921088159	0.0436647118827309	-0.00412975569817736	0.118448953762532	0.0481238099769475	-0.204341181337796	-0.184611408051807
cg22319147	0.750788318495381	0.201069831546285	-0.0319999999570683	-0.00457192503736052	0.14891700886819	0.192829031523726	-0.471407738499566	-0.186238293449643
cg20089715	0.827859548002345	0.0824882271172522	-0.0128246984465309	-0.0107845921277925	0.0748901716609126	0.0846340308280929	-0.193827761038464	-0.0128683270134629
cg04121771	0.448510740788422	0.339921056794602	-0.0268925203086349	-0.0217804523098496	0.373131937551068	0.34802349418173	-0.346190995187636	-0.180296993584594
cg15836722	0.304392060897436	0.280001486550828	0.0211249055782709	0.0227649617561617	0.160264554995233	-0.0683442418576861	-0.170274432066143	-0.15112804453184
cg11795262	0.875444366672493	0.00434598329457366	-0.0699626500008074	-0.00368747495667867	-0.225219466648348	0.0407914999541261	0.0422604933079754	0.0426332208070045
cg22381196	0.399782937299876	0.57063976366409	0.0657250542368721	-0.0294896319694	0.556592184952523	0.569397274201087	0.377597500415892	-0.350266317803456
cg26206598	0.51970093324316	0.323286200238404	0.0087773666835104	-0.00278570844109399	0.264190476016515	0.10957108352105	-0.116072073137867	-0.168678195630875
cg10257049	0.269025666875985	0.390800062775681	0.0796751792164106	-0.0210127688833132	-0.0594833541044138	-0.0519264877871038	-0.206090018041612	-0.192825792629193
cg17271365	0.287247242483133	0.380533224336751	-0.0277453267858979	0.0306124679630458	0.250724022931703	-0.154717846649431	-0.159820960084383	-0.157792372283618
cg08223235	0.378827501773446	0.409271534256177	0.0986981714683316	-0.0353433032856282	0.200113469136491	0.197453948192821	-0.247386998823306	-0.221495957664357
cg02415431	0.170725687721292	0.333463125439724	0.0760885108616928	-0.0463308206045614	0.0344900406233173	-0.0718959320101337	-0.0899656329474009	-0.100065730839713
cg15248035	0.420556102002827	0.484550828348592	0.0274130432279772	-0.0331631104653018	0.48204544733369	0.498934376812113	-0.228068015337775	-0.316170349712826
cg16139316	0.298073216211263	0.614810430578581	-0.0252841389672184	-0.0342773999669143	0.142637282426337	0.253340541423996	-0.23598209776145	-0.242794655510217
cg07426848	0.854403107462301	-0.0270220706530865	-0.0699503292987011	0.025713100414104	0.0388459574580763	-0.552602695428805	0.0627847817272675	0.0608192459889181
cg22467534	0.114690286462801	0.183242006865978	0.07222466941138	-0.0158305038799614	0.110959765702093	-0.0774758145493907	-0.0766332878580701	-0.0677784898385359
cg21685427	0.625440880239029	0.289642094928571	-0.0207992691036361	-0.00846348804588268	0.298709521249066	0.316788269801017	-0.00429598780826576	-0.102756458687192
cg04451770	0.359676897400986	0.54220602412461	-0.00717200255062628	-0.0990111701625804	0.574701261393176	0.359505551072439	-0.288455676360778	-0.309899717704703
cg14088811	0.302710778656745	0.429147423442158	-0.00243021660460093	-0.00624399135814498	0.122057396800783	-0.236839994520038	-0.242042838662858	-0.207299399653182
cg13745346	0.349348122218187	0.310055994459199	0.0594782333322567	-0.0237596791727957	0.292626523218855	-0.087509922213082	-0.12270302221554	-0.183140808460261
cg19906550	0.387834077902799	0.340340818403115	0.0404056517994682	0.0507580162851787	-0.0976240715485559	-0.116034408518883	-0.338097612481773	-0.331451648019975
cg02374486	0.613064743586185	-0.346093172761405	-0.139787109603618	0.0527486454221007	-0.485866296881886	0.217115588086556	0.222888538182062	0.231103890444429
cg26306976	0.576763685711247	0.292222089295205	-0.0537300329878206	0.0277848306459325	0.305563582464008	0.301506150428412	0.326154891438881	-0.284434715361277
cg17044311	0.62777756078635	0.222070132600688	-0.0415552857256683	-0.0237832800422887	0.2164455497977	0.223168029990549	0.118631438995275	-0.25713976362659
cg06645778	0.298532303668854	0.565410546381514	-0.0226385999715295	-0.0882434625064784	0.474353941985196	0.158477546358245	0.347808296368981	-0.20870226494425
cg02512860	0.476123271292884	0.434510586358584	0.0308331509917065	-0.028813333917908	0.358441154048163	-0.122653778821691	-0.355731702985558	-0.077626554850593
cg26105232	0.252227429642594	0.393373543761252	0.0082598070887167	-0.0116143941216192	0.355138477865806	0.192716387755001	-0.110874873618084	-0.125881559295802
cg26861460	0.27120744702053	0.563602227451866	0.00354105498934283	-0.0396930778477444	0.32968878181426	0.501353313615282	0.0696018865214947	-0.207299956470396
cg22534509	0.54529932485796	-0.372749887686375	0.0993083491861077	-0.0885129650293131	0.117264193282883	0.0709196063905687	0.130749169953158	0.262337773813956
cg07525077	0.260942196271142	0.419181170444575	-0.124964716661388	-0.0593102417208077	0.551660085822576	0.51737947047585	-0.193401714237286	-0.193091664991574
cg10758292	0.523352446525442	0.366483978048255	-0.209621249525968	-0.0115426810376815	0.390221030688958	0.395635730641283	0.410463679719111	-0.371103821238252
cg09134726	0.389250490992837	0.452579866623036	-0.0145753472631015	-0.0371594902340528	0.43701588650765	0.442271472755354	-0.304679461781002	-0.310564287180622
cg17173423	0.27181920030282	0.300972967265464	-0.0760004759600138	0.000963291718041653	0.26069804137329	0.325947169908794	-0.194891131674876	-0.196469951803798
cg01618660	0.630542074069779	0.295119009274852	0.00889261665072663	-0.00375610834178675	0.295405098662747	0.269344075945982	-0.217824774074241	-0.254318261564377
cg06407137	0.829132975316498	0.0814544291997323	0.00489820092343158	0.00596289967618399	0.0800088406384554	0.0838106303212306	-0.334346844431004	-0.0101316625162139
cg21917349	0.614552011115155	-0.353571944469041	-0.123174966684473	0.228223283353575	-0.505229299279226	0.197785655522345	0.217539768852629	0.221599538879595
cg05546038	0.736389711001458	0.222516834928552	0.0059828267943863	-0.0110318558440528	0.210022907651526	0.220105903010779	-0.162190413635189	-0.143940281560002
cg07156669	0.329912231033639	-0.292597203352005	-0.0015378106840538	0.0287243931619172	-0.250249265910778	0.174965157197784	0.182200130688351	0.22499633711851
cg21581873	0.0931173386785709	0.0853675178033493	-0.0348200248926451	0.133443332393598	0.0132904647258459	-0.0377513210812802	-0.0430673055806041	-0.0477399339702353
cg04523589	0.68261801872212	0.208902439716799	-0.0628327675416624	-0.00768000726092373	0.244821317456041	0.231983690988039	0.14282840011991	-0.168697786996463
cg15958424	0.398190166678059	0.308434083294561	-0.0169418999665745	-0.0441976499789281	0.24180887873898	0.0378148333225749	-0.333354176682098	-0.320784024228486
cg23867494	0.535882954293691	-0.29534595876233	0.109965218622923	-0.0889159853563471	-0.203965746288718	-0.0201252588465261	0.155630843433322	0.143433880508998
cg06630241	0.381976411107541	0.307377238922049	-0.0963373499985831	-0.0905647375342914	0.419005997964401	-0.150215511092889	-0.169717751103194	-0.161402336091675
cg24489015	0.380129187267102	0.426225534753426	-0.00170556226706451	-0.018813041603973	0.412230420282215	0.481061459089169	-0.0926342701242635	-0.269969137883265
cg10465696	0.195687242807764	0.281663717731316	0.0533140361925321	-0.0712609669028919	-0.0268320106139359	-0.0813225059419783	-0.119631544316513	-0.10104617185197
cg05000446	0.298089929600322	0.437202503786438	0.012295066687523	0.000675329122433915	0.384466979605365	0.434835837120098	-0.178130943597939	-0.163198029558802
cg01031251	0.609402261763612	0.221943256495006	0.00461943628117437	-0.00722229609676041	0.238373939188611	0.228436961506607	0.124203972389141	-0.165768166588332
cg17468997	0.310228062182828	0.461224118819978	0.0461361529949418	-0.0174450449909963	0.0634111338256404	-0.266435349874403	-0.235662452928434	-0.22491978249053
cg10001720	0.418930928455683	0.318675204113806	0.0609743526975422	-0.0426348812103992	0.387229407965783	0.365564832685864	-0.236973460272713	-0.207678252373396
cg18390025	0.309430772360966	0.383637898210084	0.0178966483821303	-0.0383566438746885	0.278850636015992	0.300460896476342	-0.197784218316791	-0.222216550558027
cg22679120	0.622466911105109	-0.0227639944332399	0.00961353337172792	-0.0382778916729115	0.0305106979776139	-0.466988489440854	0.0171958289095499	0.0407106513791802
cg15361231	0.394665177812053	0.401342277993523	0.0317961360647659	-0.0170488745454541	0.360649666570198	0.31135115703742	0.195734063883251	-0.24886719442079
cg04353769	0.357907566454718	0.508408633994426	-0.0152306495340672	-0.0163105504804972	0.414326052509195	0.310633900599318	-0.308231666080145	-0.292094484958197
cg27347104	0.64952271476764	0.194926318610755	-0.0339944832035676	-0.00941582083101779	0.140079449107	0.155202401930461	0.0157107252782873	-0.0597421772734725
cg04183425	0.71816202111538	-0.508028327279161	0.0297245245783944	0.00157509988582346	-0.122752353563245	0.105846735514723	0.145802290482241	0.115522811006873
cg01963696	0.483549155548957	0.309193411116412	-0.0329986166284471	-0.00786769166586746	0.275258099112679	0.217465561109406	0.0233947044188118	-0.176219555552736
cg18152830	0.904233369218247	0.0142711224760082	0.00642407715761234	-0.0731631179992216	0.0328193419771849	-0.531302549393438	0.0457448630312159	0.0358271919402578
cg22045288	0.331652382472988	0.443727449432699	-0.00667246960398062	-0.0736006060485223	0.351098988551196	0.117726805317431	-0.235858537305983	-0.243092139218564
cg02863947	0.382956439192015	0.504936060296397	0.0249875761587257	-0.0378158824580838	0.436187637462283	0.47084350227079	-0.245706014989914	-0.28460305999836
cg21283680	0.436833033305677	0.422194750105429	0.014034616624534	-0.00231189590740618	0.392589566787527	0.424542933417333	0.214332846742747	-0.288798383242998
cg25050026	0.189538248766963	0.294666641710159	0.105036100637383	0.0676814426370176	0.0835549351377954	-0.0259105825423948	-0.139162072103834	-0.145561329047276
cg24474182	0.443506516369344	0.399796596684445	0.0187444795210424	-0.0103309109964461	0.377645117195408	0.246729338541575	-0.292052085088903	-0.289389601228389
cg12788313	0.518004660806175	0.438014094655525	0.0103876295326659	-0.0226966881680184	0.41029612584096	0.439038336665611	-0.00813569444322929	-0.22557689429009
cg13277939	0.377829277762593	0.426101755624521	-0.0119851333468684	0.00128846661035269	0.325540913186365	0.145805072265952	-0.226566897761572	-0.238166900236914
cg01182697	0.207508294779121	0.448410269569895	0.120872263479294	-0.0377373710646873	0.0163528813608385	0.00872846358114835	-0.137991534485107	-0.138928589540457
cg05106502	0.377949541109947	-0.350420114302083	0.000267332582028836	0.00579226920159553	-0.315259480713378	-0.232696513742538	0.18257867847263	0.183430136040346
cg14070162	0.332662061310409	0.330565071223215	0.0997301432212842	-0.0557990131567871	0.0516581672358584	0.00891997235902336	-0.105256640185707	-0.106669859477791
cg19601328	0.333976498927536	0.440901194015375	0.0973597550996866	-0.00625945354735387	0.13719729431775	-0.121458870518994	-0.202341409589082	-0.202843865650755
cg09453312	0.574156009114464	-0.444775964732067	-0.0250503180652214	0.0359127020312868	-0.435895785523597	0.206037106123604	0.164036619192008	0.151008703313683
cg01718139	0.390965085168693	0.431408098217242	-0.118216583319744	-0.0361564833958697	0.40878875123159	0.477190464864882	0.341691594846972	-0.305227635146124
cg03763616	0.233569512947092	0.359268955596794	0.0269187213665019	-0.037391009803716	0.0184836862841729	-0.156125171095298	-0.13130659201419	-0.0908375411766933
cg15376097	0.350835294565264	0.287348667915066	0.0232015890286522	0.0101279140548999	0.242822453760825	0.0839958900190207	-0.15124576530474	-0.117703074472996
cg09001777	0.213608017525725	0.307344433406198	-0.040522598285645	-0.0237291123199387	0.351708986865201	0.219936968774208	-0.13142583667533	-0.181640283703344
cg04759756	0.698001573690451	-0.455767524348845	-0.0646442899663764	0.106266075436128	0.00879185515330651	0.243085715832904	0.235180199352722	0.237420560111927
cg00333528	0.212311048535765	0.436259864617361	0.0172035220969936	0.00549059489138041	0.0703067003983427	0.0921787269262549	-0.147717948593674	-0.15282519200031
cg20802392	0.678008153703527	0.174120798974855	0.0337214640076721	-0.00903695829815384	0.165584143641504	0.158146663372709	0.019735864566456	-0.085258628644879
cg12044210	0.852571018519914	-0.46440533519787	-0.261448333330798	0.396697316679573	-0.71991825032954	0.0936682648004733	0.109343181460991	0.0986158189814053
cg22252999	0.441962307809169	0.353879419139628	-0.0159009280865245	0.00564976618497051	0.375091057528548	0.431637465947194	-0.137548011379607	-0.251935468806676
cg15447486	0.437261509758292	0.477144622847275	-0.00818487596013898	-0.0175044917253757	0.464028010467075	0.354962602789134	0.0340671639128979	-0.29807497653465
cg26540515	0.697636195568843	0.188182976107648	-0.0248944640147085	0.00722378623209711	0.222037898303135	0.208872440768001	-0.195534221505193	-0.158078721938843
cg13500819	0.620933814811227	-0.180534184825378	-0.168811780002544	0.163474007516796	-0.516294059149807	-0.575263503153156	0.135358045160332	0.146077622687705
cg00648883	0.20790323570272	0.350977795045584	-0.0420031120468125	0.0369717790565315	0.341703014524889	0.0596597322758692	-0.112685777417672	-0.0912815677956093
cg00795812	0.625330725930945	-0.501559387607075	0.0171306366676397	-0.031043420824146	0.0555376285878291	-0.104952042613808	-0.26671132592908	0.316659061558958
cg12014417	0.283481490672671	0.418787146881808	0.0266354451920129	-0.0110301258941486	0.38315316555814	0.501138242694987	-0.174082957096245	-0.18803228228079
cg15352315	0.306124215384396	0.325171022697998	-0.0116688390981687	-0.0565999436743888	-0.0734580244342881	-0.0814714483644948	-0.236201676360471	-0.219771391356838
cg16872071	0.19902200368846	0.270088996350604	0.153290000082889	-0.0394584125294492	0.428196241626233	-0.160912632012211	-0.171816741640502	-0.166792291152214
cg22438810	0.478022988717252	0.320265072564273	-0.122843498081643	0.00699288842724231	0.351700651436402	0.339374610468848	0.364603003605792	-0.263103201630716
cg12613344	0.694348368729501	0.233272987137119	-0.049177580080238	-0.0189263351605282	0.200175716430604	0.230347615049679	0.0731662180630157	-0.183559496661119
cg27443224	0.702133389763393	0.0566050181193167	-0.0496909702884664	-0.0272264514519773	-0.011493953471182	-0.0721617427354809	-0.536286038923892	0.0776062165393154
cg05681757	0.41985219258719	0.295414690758472	-0.0688044333233134	-0.0416585458471371	0.398754216537767	0.415754457435192	0.271194887423665	-0.236777792575732
cg04430204	0.65347872961453	0.205871770426419	-0.00836814997285655	-0.0228228875535888	0.183232443147354	0.204480153710127	0.118599290387554	-0.186480404602253
cg10057295	0.30467776657688	0.311191333654249	-0.0491974501005362	-0.0311011751580282	0.00898325164035511	-0.168394332933895	-0.227975426180412	-0.207960080174881
cg14435807	0.392096559216746	0.422493836047328	-0.0175727928927521	-0.0123711470399744	-0.101495524544977	-0.10793567227659	-0.201120970336587	-0.154324422182663
cg07509155	0.33100574560606	0.208516058681688	0.108544926842997	0.0566652831901703	0.0517354678440906	-0.0620346228515792	-0.119861570144361	-0.19861148301586
cg06317209	0.358259794870262	0.441094086156088	0.0121720754937814	-0.00200344483620251	0.473465288810315	0.479567414647969	-0.220235948053821	-0.214577644515298
cg17296078	0.215044870612447	0.360737334473008	0.060117678591104	0.0470187670274009	-0.0665869570917128	-0.0661002986263812	-0.174531808929482	-0.172206217167773
cg06625767	0.547149665458233	0.418787407682244	0.0434432807345284	-0.0423024457890423	0.385711516363619	0.408437291042571	0.127472841263909	-0.291212775941022
cg00899659	0.27649270697285	0.455846455521104	-0.0325531290228914	0.104778287223012	0.231474237566119	0.139170027926086	-0.187906635139103	-0.188768896518433
cg01278291	0.369520907854365	0.386832363360113	0.0626491495201586	0.0368185500938351	0.273309739600163	-0.304948425756522	0.0157232903826483	-0.184686535928098
cg01526089	0.485895240624392	0.331653439548268	0.0374362724909111	-0.00603663043156631	-0.281478161941137	-0.0739065508407858	-0.449760659757536	-0.425042357224468
cg16935609	0.491983548838773	0.244765406528163	-0.0237514654351969	-0.0492502499003206	0.22606611237821	0.118896622839387	-0.185335751914837	-0.164162495796837
cg17813891	0.523624388902069	-0.432008290608558	0.00340800668726745	-0.00434002954319111	-0.350237106216122	-0.196551472271887	0.240782831100702	0.267804236055528
cg16545105	0.384705461243349	0.38094650950445	0.0554437789391304	-0.00990129502905566	-0.0206056642746296	0.0722651973040852	-0.21655931083593	-0.191184204400311
cg16989646	0.305014052217423	0.300921225728245	0.077193194658643	-0.00429936640622022	-0.142338554371391	-0.231000905429009	-0.216508903300086	-0.206351065609443
cg03085312	0.273933259861415	0.221300103438774	0.0534026784869497	0.0920188629515506	-0.109927485940922	-0.0875283826909669	-0.151482689549243	-0.12274935589701
cg03860768	0.76277719639975	0.0551735291494626	-0.0433088625584695	-0.0104347409686388	0.100961491297258	-0.664103819399923	0.120683462197187	0.0930196093668223
cg04586023	0.286143982255375	0.185461403890832	0.046559911883442	-0.0250410538360656	0.0173923868036686	-0.0240814693800313	-0.147715131133047	-0.145920804150187
cg00615377	0.216275514503328	0.281180950067459	0.0639301700272954	0.0530392306293178	-0.057572261773399	-0.0283639848826393	-0.152683410759247	-0.129527354467856
cg17461214	0.711307566669068	-0.0076356833378701	0.0287423666687882	0.0428285916668015	-0.384975275792296	-0.483173683351885	-0.0123558666827569	0.0753178083268349
cg02939139	0.442253300002182	-0.307154333341947	0.0133420333250926	-0.00660708291650458	0.0857388364005429	0.0267048666600729	0.178646639987435	0.138507575000094
cg10236239	0.256869772630368	0.338336973648967	0.0736867693658517	0.0583606201376822	-0.0191477603016432	-0.00112881117670519	-0.174106325191049	-0.169195551589206
cg22322184	0.510292289600632	0.233385367045862	0.00948998652305607	0.0134741253326835	0.197766216477589	0.235275087910305	-0.150478436406011	-0.155645457501498
cg13745870	0.512697899990966	0.121383450036332	0.02516060001564	0.00553488745399193	0.085127745502173	0.193472600014439	-0.237855259974597	-0.0894292124780226
cg22844623	0.868715059264886	-0.0845955926144334	0.0173235333503458	-0.0203996291475255	-0.277871522951788	0.074050874056431	0.0700968607448429	0.0572044032225473
cg15952487	0.617614056702684	-0.269614570771951	-0.0201426366073461	0.0204688383499079	0.119603418645622	0.19583692701043	0.159846558602968	0.0831243472914735
cg00278366	0.309414576118097	0.12888595334665	-0.0952056881334752	0.000300739557908266	0.241269954732278	0.302047320955455	-0.206587446002974	-0.130286592649889
cg02490034	0.323657246389749	0.483673917071783	0.0217998160207758	-0.0115219718768128	0.256804134056112	0.332851834734708	-0.156011093117743	-0.197828717802815
cg05826823	0.754920293716255	0.150810484867406	-0.0253996200761612	0.00675713863973751	0.142449350678276	0.153156098203552	0.053446303372682	-0.131582376548574
cg23547429	0.271882483518769	0.374036789095298	-0.0988818251161952	-0.00186769157713573	0.445917747553827	0.0487081372725245	-0.233614125271546	-0.227617796948214
cg19342782	0.163533583664211	0.418591699729529	-0.00143713338174134	0.0322150541865475	0.332691980144788	0.263043149811643	-0.102650613519085	-0.101130204921033
cg22016649	0.22248409104303	0.282016243940627	0.0167227621796081	-0.022783870006108	0.233507710828086	0.217487334235007	-0.0427461244574267	-0.16818537276283
cg06806711	0.265911422789384	-0.154621655989652	-0.0352738604251889	0.0290367952568876	-0.210432007126347	-0.218202240961373	0.0586580623419242	0.125677186333054
cg13765961	0.58233484521659	-0.202128529573652	-0.126508357968776	0.0685155414740318	-0.436790200715461	-0.507565258240095	0.132905520674977	0.147368347648087
cg05338167	0.663407681549947	0.204027464507635	0.0340048961850821	-0.0127267094481402	0.161252513745474	0.133236603330537	-0.0978663009402858	-0.117403333078763
cg20017147	0.307449963398904	0.334844891198229	-0.0660975176127022	-0.0385731974933125	0.236837828590131	0.359296127110815	-0.134379309991286	-0.154547490771309
cg21019522	0.289480422189609	0.323579877853852	-0.0430422499495904	0.0586099624761454	-0.13766870744838	-0.0623533888164757	-0.253179000174409	-0.241578159679162
cg24453664	0.383053916982158	0.390713392090432	-0.000219296673860856	-0.00666833042517951	-0.0895729399935175	-0.0686690448636416	-0.321539334574871	-0.299107841816724
cg23760945	0.641493811164762	-0.325228044658952	0.0258727337365706	-0.0093384041163957	-0.0542305205296601	-0.415316627995051	0.151289468759131	0.163135263616021
cg15146752	0.434765160978047	0.401191725898	0.0999368751491932	0.0242403094454232	-0.0766915402981633	-0.0818862593139948	-0.158825006789774	-0.177484358872899
cg04790129	0.201605325411481	0.189181290274369	0.0273590071425225	-0.0312268720855949	0.196400052270172	-0.0404101181227712	-0.00538793657581426	-0.125565172182979
cg26215727	0.350094516355925	0.288022993507822	-0.0201303264476984	-0.0222747048765387	0.179036155600353	0.322762348831467	-0.0947461375690102	-0.18469567959411
cg06244417	0.612081389674204	0.204797496248669	-0.0439880325654189	-0.0282533268702781	0.269537258568233	0.253776418354586	0.0368793587161164	-0.128957051434237
cg07220939	0.446348288132646	0.431836471551739	0.0404073612895079	-0.00323776707639071	0.401427900996375	0.407489746921081	0.0850916298059533	-0.234689550391093
cg15552238	0.227969806810917	0.262756661266028	0.0101544437387129	0.0206666076836735	0.104552789269251	-0.14316053053485	-0.144969425873481	-0.138479443748472
cg07026910	0.645016399030772	0.229869344797858	-0.00330285672085638	-0.00699805568921749	0.22189377347957	0.233076722182097	0.146715665973669	-0.160712023965635
cg05961212	0.220761336933219	0.309979371428822	0.105425348104098	-0.0186977812706965	0.00531733520868059	-0.0729658847612466	-0.107459921362581	-0.100120839453573
cg09419900	0.312664085211964	0.324553569826347	-0.065918800787092	0.131198366010046	-0.106238962435648	0.174406963095462	-0.0552584587963875	-0.148098260068698
cg00666746	0.264854318417239	0.365702356756716	0.0699006726800842	0.00474292441118759	-0.146469789895776	-0.103340811951423	-0.189996372036361	-0.190502300599378
cg11176095	0.137527531796534	0.154418774340592	0.0896040566304027	0.0015986207946712	-0.0190182020991517	-0.0455205526324621	-0.0631330424893838	-0.0583854928798635
cg15784615	0.558234670351278	0.335933796359123	-0.00542006661820459	-0.0137245042091852	0.149858347799652	0.00578652969553711	-0.275815310307079	-0.242874582832871
cg01578324	0.229044608300963	0.302260033443565	0.104753027933693	0.00534614757761026	0.106351412019651	-0.0092977444054493	-0.158961806582886	-0.157080913672391
cg05445326	0.832523756698227	0.0305628498947291	-0.0130340197538657	0.0545475467913666	-0.00101450581585645	0.0578360334892968	-0.610885554206028	0.0723023640731267
cg01402255	0.288406902189564	0.478180564512449	-0.00762681653802509	0.00609118329055868	0.391584979842787	0.435960664539896	0.280261837799365	-0.228048567158477
cg21842274	0.307075376322223	0.289880862930626	0.0133245022348379	-0.0276271666921178	0.0641324904402978	0.0813447534889024	-0.129426355290037	-0.135820504226396
cg23984130	0.833395678556563	-0.0160272332737278	-0.084395440659153	-0.0235687354516903	0.0326841133514685	-0.534170679103175	0.0400198218826546	0.0646429286207342
cg12459502	0.46994569352289	0.242049899307942	0.0941592049727135	0.0262608000078992	-0.0764228699029249	0.453128538591487	-0.385515050698906	-0.182534176167018
cg13555884	0.801681166904909	0.146047588652264	-0.00366732967117582	-0.0122962758589235	0.141672435552114	0.154389673954928	-0.00445558802521892	-0.0638749759559761
cg17250929	0.481337182358253	-0.266601419432446	0.024420925445518	0.0418134602397685	-0.0744392623393857	0.190115026529761	0.0395711398653914	0.104132722736673
cg21492378	0.362460855546069	0.460627694477509	0.021881200005208	-0.0192259375230539	0.43412880812831	0.478840161135554	-0.19514973553965	-0.238168675539009
cg06394229	0.525826312749346	0.374758546494935	-0.0180994773802368	-0.0193889104962726	0.345930294871112	0.282378851763596	-0.0821165964272335	-0.221989983253161
cg17078393	0.574340685197755	-0.48794551355903	-0.000370586687433782	0.0031611683643528	-0.195268376150556	-0.498734686884414	0.31160979479998	0.303279114785821
cg01441777	0.503568948128521	0.394379818567873	0.0145748334061483	-0.00850374168596305	0.0736927245559358	0.116209651871245	-0.278850188096702	-0.250157448085125
cg12949760	0.453380120580801	0.386123237186948	-0.0232196021189493	0.0142349770354871	0.43323933501203	0.128680807318818	0.0355615713822636	-0.314661505870705
cg09418321	0.269327009432019	0.340646097317319	-0.15301930480288	-0.00131797195510399	0.559690964424378	0.569960122670888	0.570497232677356	-0.211885201398086
cg04790874	0.315779592578446	0.402226574143319	0.0387011833374923	0.0114380957730363	0.41899744377252	-0.277921625901351	-0.219593922601317	-0.217658902528889
cg02712878	0.363166811094242	0.27061520558944	-0.0129853166766154	0.0440949583405195	-0.0851794382699635	-0.0433306110657656	-0.14355813106712	-0.114446411100387
cg09076584	0.667606239331571	0.269794876696245	0.0155292801483923	-0.0249944643429933	0.246872980960621	0.065361955431253	-0.110661022872132	-0.1669867453109
cg10307548	0.366586362944908	0.32137407041731	-0.0199283832881479	0.00570265413840123	0.339143018982049	0.368394187096493	-0.315611816892881	-0.241116730425552
cg15344028	0.511526645701817	-0.392425926828256	-0.0206977854189607	0.0103260717880807	-0.351118057797579	0.221138444280983	0.157762108334767	0.0957659694059897
cg03311899	0.738010911000271	0.193914138925628	0.0174014504398097	0.00206077527196057	0.175211689601306	0.186552488814962	-0.165487731361903	-0.305852610966524
cg19464944	0.231090017931814	0.401720120653602	0.0201888826821686	-0.0516783246499184	0.0853888373415683	-0.0564552547934783	-0.184906064672075	-0.1845964498834
cg06200697	0.636541422215407	0.300479444460086	0.00576013335016171	0.00454885832283641	0.222609895988815	0.0500000277926006	-0.209695302232518	-0.134636772193934
cg02332073	0.225665983096891	0.324384436265515	0.0402740781335736	-0.0202788553345377	0.309701249056871	0.342666836963631	-0.151614234702166	-0.139939241905175
cg18303397	0.452077288895246	-0.0616873889126346	0.296698750053646	-0.21782865374103	0.303365501932502	0.3889180777427	0.196365011106571	-0.0152863264071052
cg23889010	0.42192668805549	0.43105038873305	-0.0535524165029061	-0.0245879893965726	0.428876550927061	0.455930974835487	-0.166526834715835	-0.300002010657143
cg17105014	0.203755841769218	0.383374991777445	0.0962544167279198	0.0576925289953161	-0.0166517325067744	0.0141226417095763	-0.156900749622183	-0.150370170378573
cg13765621	0.201696507380464	0.420090642608644	-0.020498249891432	-0.0113376999690368	0.442016311069435	0.106698992699956	-0.165260843283443	-0.14841745991225
cg03139377	0.475312983184637	0.218517048859513	-0.00717859025427102	-0.0404814971987801	0.200635914994228	0.195502606104943	-0.374922407811105	-0.11680754209902
cg12311132	0.330372982503141	0.198977166692801	0.0810858798356946	0.0063910643902181	-0.021323820502249	0.067604341813467	-0.132526495604934	-0.113664435256793
cg25021247	0.456102411092852	0.273223588950412	0.0191445500121102	0.010105499965726	0.110619861704258	0.167340988928268	-0.129381611097144	-0.109441886083719
cg12286890	0.847057118530178	-0.0385885852464403	-0.333181983291814	0.0781312292194986	-0.503943891290219	0.0375189147624167	0.0464862014642149	0.0307728689355085
cg25957124	0.298967642418261	0.470646344045809	0.168213867747092	-0.056033691827313	-0.0135316120976754	-0.260982016152407	-0.255344000439179	-0.24354187182424
cg22088368	0.159203198812138	0.308642649276492	0.0119199808672994	0.0207997161687557	0.0265859970210797	0.0408032486526449	-0.0975846580511277	-0.10072844249638
cg00620024	0.650893040769855	-0.382179074202166	0.0872438333201501	-0.0233657916043269	0.150265531807668	0.174261625819287	0.186815839172621	0.187174021693767
cg04312209	0.299150063879082	-0.232334359552758	0.0546237917157627	0.0141280443671947	-0.218786307755745	-0.202673048244587	0.134833721259771	0.201779623145606
cg20535085	0.545208785280811	-0.354428777074916	0.0435545913523394	-0.114797052111031	0.266110114936477	-0.193230951956506	-0.00429416531834596	0.197173102056637
cg10977115	0.600010858583069	-0.469714203568605	-0.0812489825757746	0.171634245138926	-0.283095344121026	0.165477234314734	0.152752506776875	0.143135100670715
cg13265003	0.554578692558714	0.318829590852633	-0.00228618332752201	-0.00104083340775047	0.296848362134161	0.301462890805702	0.231149867495806	-0.320455717507662
cg25919221	0.509621730349536	-0.444770701740628	0.00788305313833404	0.0196712585744937	-0.198475366727357	-0.383009411592923	0.250533477247132	0.212046484512848
cg16745604	0.349806701952179	0.310117145839643	0.146613690095792	0.00406105642498361	-0.0654024315238532	-0.139058544334983	-0.18508339543015	-0.193603788122921
cg20191453	0.411692321810845	0.415979670268928	0.0671982478477193	0.031164348632501	-0.149875754808669	0.0680143898072423	-0.243747890640822	-0.218436970742896
cg11384427	0.695000055441404	-0.374936877710423	-0.0265534268360363	0.000562128650031013	0.0318821839841217	-0.364963236394712	0.189539199889218	0.183219147133766
cg22285621	0.193072559845535	-0.105917731441971	0.0316580053582183	-0.00413160696785631	-0.142170241186427	0.415544909241324	-0.133232766207663	-0.148385426337249
cg12845808	0.495119481028166	0.346249430195112	0.113099499599409	-0.10643504202663	0.425416930138627	0.421228713679973	-0.121664061049551	-0.144884838007001
cg22236626	0.087841203333454	0.000225560028063668	0.0291582865961501	-0.00136900835621515	0.247462732940681	0.00819662836599012	-0.0266678372564133	-0.029363555809029
cg05697976	0.317962999982784	0.425826933378094	0.0335308166594876	-0.0260633958406036	0.412287654666909	0.331808500050805	-0.195846657957474	-0.216109049971989
cg04454050	0.277251377720158	0.184781872406244	0.0330862500593293	0.0354502998848026	0.115883140639211	-0.116861260851309	-0.168267153471904	-0.148904393799823
cg22082462	0.374529255536658	0.172815961155805	-0.226254066650899	0.0276364708079966	0.488021053761201	0.535332244515071	0.363908944497805	-0.209910468017416
cg26660631	0.51848293287233	-0.3003555024363	-0.0944655081248559	0.0940568548557645	-0.277342097974729	0.031269133933241	0.221243267688355	0.194383340137196
cg12391783	0.731477303653736	0.146300679770752	-0.0173906333150945	-0.00445707093150916	0.135911705607849	0.148806079720469	-0.0220072636456133	-0.0879500536212383
cg01599709	0.329176049563772	0.299212641723912	0.0543569871020559	-0.0300060307028523	-0.0729348905986478	-0.0247313856235028	-0.237989005476109	-0.215776462176419
cg23181133	0.373371003691847	0.321413546328987	-0.100699449978466	-0.0146203875205239	0.439792378227739	0.426596646337589	0.211566356329919	-0.25418542493141
cg25003924	0.716862671697382	0.211011705997258	-0.0175588154501633	-0.0166286004876921	0.232837609481155	0.208004372979718	0.0794943380468913	-0.214053151531721
cg10784813	0.506124237040798	-0.410562313693469	-0.0276904383598732	-0.0330551746254421	-0.00334311863533242	0.0159271629710776	0.196782462980899	0.149627750440824
cg12125117	0.307176211106657	0.588942272231448	-0.0184403333194538	0.0101795666667405	0.035265507072683	0.610131455560058	-0.271920561093352	-0.272913813599408
cg24674703	0.340611711343559	-0.277484462006876	0.0224830056561567	-0.0190156630861885	-0.11913074909126	-0.144044015556901	0.213542213833794	0.13541561974201
cg11394785	0.147177724871862	0.125633560104033	-0.0159617454496399	0.145521867504702	-0.0649075116628152	-0.0682427580165847	-0.114456696952628	-0.100013584930727
cg13553498	0.666550631733093	-0.377755883464997	0.0320867262741529	0.0139072177047474	0.12060562565098	-0.343984598375219	0.131400514406216	0.128116528210514
cg10517312	0.62660989260774	-0.493376007679476	-0.0692481950072723	0.0304417000873606	-0.458281007993468	0.0296406906922784	0.23826202740495	0.227013332326652
cg03945021	0.278159882540153	0.0991109587889168	0.163019649282168	0.056509192810004	-0.0867919870395284	-0.183778872222894	-0.124517768799621	-0.120882489823717
cg21682902	0.800011316610652	0.0995977521991099	0.0320542193999526	-0.00101759321060006	0.0994232384014349	0.109371998494723	-0.161980451056827	-0.118384399404086
cg16692277	0.120120812894973	0.266594925526773	0.014852153233489	0.0842002102380055	-0.0409761139643631	0.146108721329139	-0.0790731133520021	-0.0766676966572634
cg20320468	0.506988425625937	0.425299605396116	0.03029686705136	-0.0306019669137401	0.392220149308643	0.383168083166671	-0.150786114889522	-0.280149721746358
cg03055440	0.783946067488641	0.079240882911559	0.00693224334712584	-0.013149702239236	0.08944598934803	0.0889432282796578	-0.417240926885365	-0.043175678995917
cg16509045	0.302167178517856	0.376914295756952	0.0451561524360559	-0.0887031101135996	0.448374574673608	0.440760130154474	0.325981318476149	-0.194696535067617
cg17980508	0.222639777562377	0.32913497399534	0.0494995627871105	-0.00799435641612157	0.129867003797129	0.143633732805834	-0.0151732266019806	-0.0823247191969615
cg21480743	0.180507564249182	0.271278021234472	0.120075512770533	0.0526509421832048	-0.121065840593834	-0.140386799616949	-0.146124966941102	-0.130438629346032
cg13576290	0.678545507265155	0.169583540755184	0.0239052726829844	-0.0404258466953711	-0.104098535197731	0.162276011146603	-0.339676862915531	-0.10521020250352
cg08251036	0.872399322663616	0.00578758576991488	0.0301953859152389	-0.0363548214407922	0.0356183261871697	-0.339506625502743	0.0224444767473414	0.0173510430858953
cg03364781	0.814399526975266	0.0482812164165631	0.0121933947162335	-0.0162988688163216	-0.110048727992536	-0.561739925152247	-0.0148694549400933	0.026823376994099
cg04057106	0.727259589187351	0.183201558847274	-0.0207596113095315	-0.00913173473623767	0.176512995722558	0.183912821415282	0.01736319903916	-0.0521287941575488
cg16854606	0.604665655559252	-0.275794155585202	0.021862000014648	-0.00143876246785251	0.0912503989926195	0.258468277757369	0.168865704434122	0.128740194424391
cg17142183	0.340574692477511	0.444400321837508	0.0925108093191513	-0.0856321368388895	0.341753780333148	-0.0342515891941693	-0.138382251062476	-0.150450685113064
cg27019278	0.302848202329001	0.335987121957199	0.0542181282330035	-0.00705197941569762	0.389916002213952	-0.178602325721998	-0.202893526134596	-0.175452457808762
cg09948350	0.565764681466314	0.306469818576464	-0.0204353999784631	-0.0154441750464319	0.308202473135952	0.303254568564094	0.305574398563785	-0.330584906447924
cg02212836	0.544907737033469	-0.166680387026574	0.110565199990673	-0.00522873750744291	-0.158835109789836	-0.419519988709033	-0.387539017033007	0.303938125476476
cg09953122	0.893427218822623	0.00405499406828385	-0.364392886578427	-0.00256951506351288	0.00245719574100391	0.00958207286836678	0.00375734282724132	-0.0133321485660244
cg22266967	0.396904838235081	0.399782077965695	0.00715067951189477	-0.00911255371418227	0.414843962166104	0.442577743046058	0.266558200332204	-0.25613552924776
cg22719623	0.429796768196755	0.0485407110636727	0.0905718539291745	-0.0122788369183801	-0.0340348100769083	0.260466181638381	-0.0772989498883959	-0.0849344666751024
cg14324675	0.2843490657413	0.379063599048526	0.0957700745726608	0.0262719438260152	0.104957834427764	0.0452241118290349	-0.250414212613768	-0.222767899631424
cg10681065	0.435764547810968	0.315564464658604	0.0572598410595472	-0.0281506754657246	0.0250730336658654	0.111508074167985	-0.064853665188591	-0.140393529596099
cg21578541	0.182496760382944	0.163307757328777	0.105290841695118	0.0189306242011762	0.30459514820588	-0.164254496455203	-0.127878890113418	-0.144728710168115
cg00739120	0.322713319104471	0.220830343785395	0.0795241452176776	0.0463909627477955	-0.0415024120629286	-0.0937095699665125	-0.144861314633913	-0.149630151647738
cg24898863	0.304442282004968	0.295419365148048	0.0201233011076701	0.0356308855477367	0.157843728910489	0.290647833252916	-0.254771385237319	-0.245238815636104
cg07958192	0.345673481455997	0.365999735265367	0.0500375333398061	-0.0269932417030846	0.238868064098238	0.245075168563198	-0.214369281455075	-0.147082618949283
cg09208010	0.306794708522216	0.403818715178882	0.0749153038409123	0.0284063961587508	-0.0227699664091553	-0.043323967470474	-0.257449192555241	-0.227273765008047
cg00431050	0.634738488156072	0.1915996211013	0.00916759064330938	-0.0463814460630683	0.162613025695448	0.18269841858404	-0.00485948274601699	-0.0922321102726261
cg13030582	0.210906030384341	0.247072575745584	0.0430384481805043	0.101038891150855	0.251661284475558	-0.100896038364302	-0.122230119360465	-0.116293719048584
cg15374234	0.223899155919799	0.292586322974437	0.0789884160490262	-0.0301211603554868	0.491140283270817	-0.153155498575308	-0.189305874485215	-0.185960365975498
cg17709873	0.589667677780196	-0.444994316127725	0.0194579933234409	-0.0287375378936962	0.0669097040636686	-0.33247489445831	0.355195222227697	0.342118272208685
cg19531130	0.306979498491587	0.252078605704523	0.124332137926859	-0.0616635876840152	-0.145345388612816	-0.240003646429803	-0.227595202819162	-0.234979105885308
cg15746187	0.699584936903249	0.160394073382171	0.0126771655205146	-0.00444696689241863	0.120663575765532	0.0890369773144289	-0.0398792324854497	-0.141929611630525
cg23090046	0.507022453303329	0.34862294213558	0.0490437308144849	-0.0984111285117213	0.255311303926679	0.0614099291702213	-0.432097806950571	-0.322295353444721
cg01636591	0.602133037030548	0.257500729651128	-0.0197206166894925	0.00432833332065337	0.165930681196084	0.232620029650046	-0.363378797036055	-0.140098812018997
cg26417554	0.678813044034764	0.189459578066955	-0.00622530787917472	-0.0182547201195321	0.174340500185133	0.185382217630702	0.118676112136438	-0.232632001412586
cg09848074	0.216283993102043	0.366765550484227	-0.036826546389229	-0.0636322805045439	0.261050883535876	0.222978897514628	-0.0544283924256171	-0.124751261153482
cg11494699	0.81563353534931	-0.0623534565176808	0.0117227153348524	-0.0168501517540246	0.0244578800642102	-0.233524986472817	0.0401455161537959	0.0365446699960392
cg08368934	0.391998229599241	0.463404170459803	-0.047712849940196	0.002131162455413	0.0745343522482617	0.483369720437565	-0.325841033529101	-0.335142889545339
cg16682903	0.399972351600672	0.286530874252281	-0.00057643364354222	-0.000881766734575679	0.0268960673656566	0.032730319772125	-0.123732725052056	-0.1013886995689
cg26227465	0.715259612989509	-0.292608470602478	-0.182580055557069	0.209920478721293	-0.582774014693682	0.0951604939562623	0.140549414411462	0.118493696347267
cg19317715	0.27954718042388	0.332723072423852	0.0715838846362915	-0.0283565231806346	-0.00204650952172531	0.0808614499320493	-0.0726740016332497	-0.110336715163094
cg20098659	0.642844308265514	0.272969565331901	-0.0162176410136086	-0.0145289045070998	0.261502990842406	0.2753977229943	0.212919642032925	-0.257855134763782
cg18530324	0.697065933326716	0.222027833352436	0.00193878333547258	0.00334747081478635	0.13545082126128	0.049042916647046	-0.178541793356182	-0.131110233318267
cg11164400	0.155331455011416	0.17854598824546	-0.0245232303942034	-0.0483219764575559	-0.046080111444771	0.0221370029396314	-0.0615000412311663	-0.0501651655491151
cg24456340	0.720669937044516	-0.313522553775769	-0.239510883290524	0.220642866735612	-0.497563538827629	0.15115097955553	0.119497382900549	0.108783775419864
cg26322315	0.633409620539418	-0.224280008594142	-0.0747794486482384	-0.0342293978211874	0.0482122835925625	0.0204154550353544	0.00621704128349902	0.0832652077265647
cg11905488	0.503373811101366	0.337882872259659	-0.00038093328603647	-0.023478920869955	0.332059534364172	0.345178338911237	-0.0202330910921978	-0.27527742357078
cg26112639	0.211444803267289	0.380325334652065	0.0912359469870722	-0.00757295219215245	0.00772361203899293	-0.00442202085568069	-0.179126746377312	-0.165175913335968
cg11827101	0.618477962924186	0.318103170479654	-0.0108973832150174	-0.000466558393837604	0.0871914826485072	0.286531270458491	-0.162701502892389	-0.213037875422163
cg17952262	0.286124753348083	0.236660649428632	0.0586096019016809	-0.0228136782404705	-0.0559724179117074	0.0800901368753783	-0.155966890679035	-0.158144839482054
cg05501357	0.317946444431817	0.376490438919657	0.0156183166970106	-0.027925495841687	0.35509297376558	0.39289720559718	0.271543375596927	-0.234064348152695
cg18468842	0.415324265805591	0.335803999482304	0.0104906853380341	-0.0550627294572792	0.393759819841868	0.365093523988408	-0.132820837541442	-0.206357282610335
cg02266731	0.322440514796217	0.256954351927755	0.104204183322344	-0.132733304230394	0.488638730739735	0.275043018618257	-0.236985764720019	-0.22577371227173
cg07409200	0.301087952582062	0.376621833722864	-0.107697534460917	0.0240469617880094	0.538986612699964	0.431103299853531	-0.0226841414283094	-0.212078304940646
cg24422489	0.693780333361393	0.229415399919617	0.003910366679802	-0.00490007081892549	0.214790148369811	0.19570574994309	0.149758086563452	-0.314483770894965
cg27091787	0.5295520703614	0.248703296326757	-0.00787646666510809	-0.0025896791889067	0.205343166040645	0.229051662986196	-0.0658270103604936	-0.200651395354284
cg11471401	0.615172344384579	0.221783589030923	-0.0242384832250139	-0.0187771084407767	0.189655019893002	0.235599038998993	-0.10148968449301	-0.102771569385112
cg11998307	0.780346608194307	0.161056975634399	-0.0154202022251364	-0.0124598772382006	0.169723048002806	0.0602898766177216	-0.100915664460122	-0.0609492294305814
cg06196379	0.194879363689816	0.315512136324792	-0.144440399967541	-0.017681150005413	0.395985863692688	0.444447502997378	-0.154745411657974	-0.138141458682086
cg06874144	0.728599678558848	0.192960575518767	-0.0125260249035175	-0.0202448788092536	0.184318251408241	0.0552819253729714	-0.127512017529877	-0.174630803494616
cg02947253	0.669762538989251	0.153027876500119	0.0884697230477973	-0.013858196382569	0.202241874325626	0.207815154649567	-0.289603428781375	-0.22323295938845
cg04182865	0.41606178516771	0.356341448176946	0.00351471670512341	-0.0322015583324865	0.395565096724144	0.148534631508851	0.177284574852139	-0.226412847712722
cg24949488	0.601932166029417	-0.403448284373741	0.0158737821275083	0.0195727094869086	0.0840681565615953	-0.40255989309955	0.273900664638638	0.277551475025638
cg16899442	0.241339065627216	0.163727104149582	0.0399776184395999	-0.0522021595906722	-0.00655498554100988	-0.15231177184043	-0.0309657038385598	-0.0997474993924666
cg05055150	0.652042926650441	-0.104018292612917	0.022560651104701	0.00987598850543085	-0.241691774572307	-0.056042783545536	0.0873129092893862	0.100712555749735
cg17166812	0.312085505031194	0.282510748279656	-0.0723416908234312	-0.0313278644542302	0.263832935911403	0.209944800199961	-0.153312119545075	-0.187419260786263
cg20790056	0.536487074077058	-0.265755107418232	0.140458233334089	-0.0230014541559191	-0.113063519597051	0.0624771425720565	0.0983158459171012	0.0831878884142811
cg24354652	0.459058231166196	0.319321434922983	0.0529831486276779	-0.0280332614152016	0.0491431983843853	-0.246465107506294	-0.251618723517515	-0.260431690728076
cg08130265	0.527471221870295	0.328980380166445	0.0268881865554856	-0.0289700849530719	0.32138571047509	0.324937435327751	-0.14727327771851	-0.156741120161853
cg02225847	0.281798411334332	0.229316884838361	0.050817249034698	-0.0162761575010408	-0.088300498792117	-0.144336627739754	-0.159302001606397	-0.162407607386165
cg09305224	0.523742046854868	0.380278882024203	0.0352679735246935	-0.0468092109584483	0.273019533740099	0.151434884163389	-0.346103465480396	-0.381341730685832
cg00187686	0.208748580480568	0.32276677702652	0.0312036181766793	-0.0335855325003284	0.0745236819187145	0.188307039916006	-0.0959626791699299	-0.0858484799079982
cg20340242	0.270623568567734	0.32171176232979	0.0723438664586333	-0.0964712718252327	0.201506721203658	0.0421409374409572	-0.215289642962438	-0.199792055602467
cg02635407	0.375544526275749	0.36974628602751	0.0869115615454277	-0.0201601314125704	0.313227534094195	-0.244545626184236	-0.334978986406639	-0.324627873456797
cg03270204	0.879278000008206	0.00947524996603525	0.0112186000097242	0.0132209750352892	0.0414367272155017	-0.490137750041011	-0.00477543997702408	0.00529526242417071
cg14700707	0.164552854133486	0.288458634124744	-0.0880895640009202	0.0101124080553516	0.248613270456051	0.0101643127800195	-0.112954699490845	-0.111972381701474
cg15125472	0.256270031041857	0.202828197311176	0.13690130864379	0.0186075217839018	-0.074308389829657	-0.0916284760936841	-0.178837744421802	-0.165114377965613
cg15379858	0.593416276549609	0.314143046166497	0.0033991675460814	0.0231111254761193	0.31309265110592	0.348284570085969	0.333721045466178	-0.338444802873725
cg24576425	0.2898749690559	0.240784263232461	0.0750130898611267	0.105407012557561	-0.135752770878548	-0.0636954208277441	-0.201857306273527	-0.181092045293334
cg08837884	0.504599407395038	0.28249675929571	0.00782308329378813	-0.000872729180166985	0.293146183626073	0.287197709279169	-0.12399522736235	-0.194291469877093
cg04891836	0.394887448149277	-0.27475080482778	-0.0132689083251924	-0.0379925558141277	-0.278678701768952	0.0960713685106369	0.173691051862659	0.221296164343672
cg01211097	0.477798833950788	0.263625026775005	0.0560197518356206	-0.0298121486455276	0.05553030046408	0.0170154562935401	-0.108874787565861	-0.11329461299744
cg09076077	0.239912845181717	0.403572004819516	-0.0166050499852456	0.0432521250053042	-0.0958294524400175	0.675721438155607	-0.171601941177406	-0.171833730183053
cg08241785	0.215269396251696	0.492814803801892	0.0845785501489352	0.00665935003872852	0.0612649942573225	-0.0386352295717205	-0.141047086043127	-0.140313109981713
cg03112433	0.427436925468923	-0.270929778816324	-0.018085570421046	0.0134897792966933	-0.280308571346593	-0.351183978675048	0.137445289276676	0.170653362800419
cg11822932	0.372580503507826	0.356636318125732	0.0311766840897378	-0.00656960376968123	0.332234850417061	0.0504475141431199	-0.303357697100505	-0.291594788246688
cg14182690	0.732686878640525	-0.327535596695933	-0.303134572390814	0.37336967732325	-0.559063608165986	-0.0156234183217797	0.167693290281741	0.151642286240598
cg03014680	0.74029784818609	0.0339251517796246	-0.00194050018101739	0.0158681500150078	-0.28236300298829	0.0594740850246995	-0.0834876681778994	-0.0292749107851767
cg17823175	0.626845551306737	0.222496604492575	-0.0123822022544568	-0.0108134718803051	0.246281314596588	0.2407624477164	-0.159456197322132	-0.345603965163672
cg16046376	0.649955864752854	0.280474780462134	0.0115862727710463	-0.0143618514131609	0.273565814520935	0.273056824984289	0.148460187059929	-0.228685609906349
cg11657615	0.178824836752789	0.204858348214872	0.00289851845168323	-0.0288120972313544	0.0234976053799485	-0.0229635005370507	-0.113347666688601	-0.113552860112128
cg18096388	0.40206550370163	-0.244965053669538	0.0616850499755408	-0.0643562650418827	0.162074559886389	0.032977762975907	0.0798123163812959	0.0708006712743035
cg00554250	0.20288631562082	0.161847341221146	-0.0125432630335829	0.0826261922089052	0.0193363414692321	-0.0392474680542698	-0.104243433664588	-0.0850280958375498
cg05155595	0.519558409400423	0.285597143652898	0.00784362091836885	-0.0185286772809909	0.241547287972903	0.23884548601604	-0.00438946801965626	-0.110415648906526
cg06415153	0.270825165608737	0.309073183738839	0.0524118106034874	-0.0989355506942915	0.23489766252826	0.124602009316616	-0.106800644363833	-0.120761616883637
cg10997248	0.656538722041609	-0.129023648973976	-0.0217920963372681	0.097703007463006	-0.0533188952142994	-0.366073311280194	0.0607909596160798	0.0488728485486227
cg04845063	0.266715944152494	0.236737943669418	0.0701474604815846	0.0635422069643684	0.0190897647156981	-0.0437847780017355	-0.0996424970217509	-0.0931383380944254
cg13634319	0.199878057096694	-0.154126194130644	-0.0207194889246147	0.0187229331752469	-0.111022185980663	-0.127009589736782	0.102804431702899	0.103566793328542
cg23213217	0.176831433327355	-0.0851634833057288	-0.000234789999994169	0.000860946223330331	0.18147944851183	0.0638500166984926	0.625594766713228	-0.0949247783200839
cg03368758	0.755416625925057	0.0434789407416142	0.0282134833335424	0.00936632083556315	-0.543725910474166	0.010012024068236	0.0252892940787107	-0.00313473842808499
cg00673191	0.488319377737755	0.332152588987925	-0.0288157665351312	-0.0404479042451839	0.282857877120202	0.333499655630568	0.214860382255785	-0.236824565207407
cg07086380	0.640720703999172	-0.442650418034009	0.043739358493496	-0.024539303224991	0.222734039164867	-0.125910378531704	0.162949696194396	0.195151874050583
cg15536230	0.533630548141039	0.259386601883448	0.0528589999816776	0.0235863624622762	0.118316151906724	0.165779401871815	-0.491423386156397	-0.216567098114452
cg18333690	0.156138407092748	0.218398429074015	-0.163814359529967	-0.00463108907050386	-0.0751528428009178	0.166769345178681	-0.122807969966717	-0.121943536725287
cg18399183	0.128759008638852	0.171620128034957	-0.0495069542670511	-0.0536117394737791	-0.0395922797605869	-0.0426869160368984	-0.0486550182100292	-0.0481974642735238
cg17469479	0.794527477592333	0.163566760289689	0.00495739325425092	-0.00666860035556911	0.146938950050484	0.161654403870664	0.118494026144874	-0.185851044080295
cg00431549	0.229225817559984	0.283773685399737	-0.099957981291244	0.0916547735622523	-0.0818602921720674	0.00462991495561578	-0.108460226043556	-0.0745475396626324
cg19947621	0.640664232270941	0.191971963231808	0.00447848163691022	-0.0226981343085874	0.239330773522974	0.227940996514768	-0.14658996277122	-0.100434912337567
cg16873863	0.638014196288315	0.144319987054645	0.00596041666412839	-0.0303718458376613	0.121470958306835	-0.33347199628263	-0.0676781562754744	-0.0535654712926012
cg27246571	0.790552184551396	0.187462046921324	-0.0114041355080478	-0.0133129967018079	0.174638298230715	0.183610602009208	-0.0747104613253025	-0.12899860881704
cg16501235	0.802881144389129	0.0315894556992237	-0.0113751504367053	0.0260103998743949	0.0375924659850131	-0.00584004433734312	-0.385289064440594	0.025415180654007
cg25028542	0.210723721926784	0.209742262423601	0.0353955641055194	-0.0127295189430558	0.221310584101194	0.134438475226369	-0.163217591913166	-0.160451847380196
cg03584220	0.657668131775996	-0.243254071801393	-0.0677510232014875	0.284310803921925	-0.434033129527569	0.158457360637173	0.160392872305502	0.10979944935704
cg01129847	0.305867508004864	0.384718796403475	0.0431667698623834	0.0816411483366224	-0.150909046777842	0.0207163854146519	-0.195393721578173	-0.203435495796362
cg25374813	0.349090581468691	0.32826561857487	-0.00337015000187598	-0.0215884000503006	0.322589082217021	0.155007218561387	-0.0551258014520557	-0.154231856427102
cg06131859	0.316338525895672	0.207018957455984	-0.0623577334087485	0.0093947167213343	0.0702410012393992	-0.182011302478321	-0.180076947883655	0.0742834616431012
cg06144905	0.211089116455535	0.117651166011932	0.0451525851836842	-0.0163674544023681	0.030693036510158	0.178924843148387	-0.0891622344507511	-0.0551860823765515